0,0.0,108,client,0
1,0.041287,104,server,0
2,0.088527,104,server,0
3,0.156842,104,server,0
4,1.071291,104,server,0
5,1.342522,161,server,0
6,1.385154,1119,server,0
7,1.422178,133,server,0
8,1.42643,449,server,0
9,1.459159,357,server,0
10,1.490966,61,server,0
11,2.034344,104,server,0
12,2.491,46,server,0
13,2.497306,34,server,0
14,2.546343,101,server,0
15,2.546347,529,server,0
16,2.546348,42,server,0
17,2.579123,34,server,0
18,2.601955,42,server,0
19,2.6556,46,server,0
20,2.709765,46,server,0
21,2.770011,54,server,0
22,2.819337,62,server,0
23,2.821096,57,server,0
24,2.873975,70,server,0
25,2.874982,186,server,0
26,2.928893,66,server,0
27,2.983703,58,server,0
28,3.038054,66,server,0
29,3.094817,86,server,0
30,3.149563,82,server,0
31,3.202493,78,server,0
32,3.25706,78,server,0
33,3.31201,78,server,0
34,3.366838,74,server,0
35,3.421063,74,server,0
36,3.475649,78,server,0
37,3.530979,66,server,0
38,3.58563,86,server,0
39,3.639987,74,server,0
40,3.696235,82,server,0
41,3.749797,74,server,0
42,3.941379,58,server,0
43,3.941384,54,server,0
44,3.941386,186,server,0
45,3.96867,38,server,0
46,4.027741,186,server,0
47,4.078079,86,server,0
48,4.13487,62,server,0
49,4.187353,90,server,0
50,4.241893,74,server,0
51,4.296296,74,server,0
52,4.351477,82,server,0
53,4.405845,50,server,0
54,4.495961,104,server,0
55,4.515229,42,server,0
56,4.569903,38,server,0
57,4.813258,38,server,0
58,4.814539,38,server,0
59,4.925694,186,server,0
60,4.925695,46,server,0
61,5.007913,42,server,0
62,5.06236,38,server,0
63,5.117334,38,server,0
64,5.171999,38,server,0
65,5.381334,38,server,0
66,5.445396,42,server,0
67,5.499867,38,server,0
68,5.557704,38,server,0
69,5.618346,38,server,0
70,5.71595,38,server,0
71,5.912359,38,server,0
72,5.912364,186,server,0
73,6.111597,46,server,0
74,6.111598,38,server,0
75,6.316796,46,server,0
76,6.316809,38,server,0
77,6.316811,38,server,0
78,6.501053,42,server,0
79,6.501059,38,server,0
80,6.673168,38,server,0
81,6.67383,38,server,0
82,6.852735,42,server,0
83,6.853002,38,server,0
84,6.875414,186,server,0
85,7.043666,42,server,0
86,7.078014,104,server,0
87,7.244925,42,server,0
88,7.24493,38,server,0
89,7.420259,42,server,0
90,7.420262,38,server,0
91,7.620921,38,server,0
92,7.620925,38,server,0
93,7.688319,42,server,0
94,7.88537,38,server,0
95,7.886096,38,server,0
96,7.8861,186,server,0
97,8.085303,42,server,0
98,8.085583,38,server,0
99,8.126323,42,server,0
100,8.280056,38,server,0
101,8.483317,42,server,0
102,8.483318,38,server,0
103,8.690329,42,server,0
104,8.690518,38,server,0
105,8.728983,38,server,0
106,8.879295,38,server,0
107,8.879313,186,server,0
108,9.05769,42,server,0
109,9.250646,42,server,0
110,9.33083,42,server,0
111,9.385061,38,server,0
112,9.440124,38,server,0
113,9.495233,38,server,0
114,9.538723,104,server,0
115,9.549137,38,server,0
116,9.606595,38,server,0
117,9.658791,38,server,0
118,9.716641,38,server,0
119,9.768425,38,server,0
120,9.824116,38,server,0
121,9.874802,186,server,0
122,9.8773,38,server,0
123,9.93279,38,server,0
124,9.986983,38,server,0
125,10.041502,38,server,0
126,10.096698,38,server,0
127,10.151155,38,server,0
128,10.206437,38,server,0
129,10.263285,38,server,0
130,10.315277,38,server,0
131,10.370653,38,server,0
132,10.424582,38,server,0
133,10.47936,38,server,0
134,10.533748,38,server,0
135,10.588653,38,server,0
136,10.643899,38,server,0
137,10.698367,38,server,0
138,10.863565,42,server,0
139,10.875443,138,server,0
140,10.91777,38,server,0
141,10.973904,38,server,0
142,11.027175,38,server,0
143,11.082651,38,server,0
144,11.136889,38,server,0
145,11.301984,42,server,0
146,11.355468,38,server,0
147,11.411471,38,server,0
148,11.465037,38,server,0
149,11.519674,38,server,0
150,11.62896,38,server,0
151,11.738995,38,server,0
152,11.793072,38,server,0
153,11.84793,38,server,0
154,11.87537,138,server,0
155,11.90241,38,server,0
156,11.95712,38,server,0
157,12.012121,42,server,0
158,12.054752,104,server,0
159,12.067722,42,server,0
160,12.121323,38,server,0
161,12.175921,38,server,0
162,12.231155,38,server,0
163,12.340144,38,server,0
164,12.395327,38,server,0
165,12.504523,38,server,0
166,12.558935,38,server,0
167,12.669693,38,server,0
168,12.777901,38,server,0
169,12.833337,42,server,0
170,12.873647,114,server,0
171,12.88776,38,server,0
172,12.941877,38,server,0
173,12.996848,38,server,0
174,13.051546,38,server,0
175,13.107043,38,server,0
176,13.161766,38,server,0
177,13.217126,38,server,0
178,13.271247,38,server,0
179,13.326687,38,server,0
180,13.380614,38,server,0
181,13.435417,38,server,0
182,13.489884,42,server,0
183,13.544834,38,server,0
184,13.603055,38,server,0
185,13.655784,38,server,0
186,13.708983,38,server,0
187,13.76365,38,server,0
188,13.818765,38,server,0
189,13.873053,38,server,0
190,13.874221,114,server,0
191,13.928703,38,server,0
192,13.982312,38,server,0
193,14.037211,38,server,0
194,14.091716,38,server,0
195,14.146554,38,server,0
196,14.201131,38,server,0
197,14.256472,38,server,0
198,14.310652,38,server,0
199,14.365803,38,server,0
200,14.419966,38,server,0
201,14.475086,38,server,0
202,14.530909,38,server,0
203,14.560157,104,server,0
204,14.585452,38,server,0
205,14.639589,38,server,0
206,14.695317,38,server,0
207,14.748082,38,server,0
208,14.80353,38,server,0
209,14.857436,38,server,0
210,14.874462,114,server,0
211,14.912279,38,server,0
212,14.967667,38,server,0
213,15.022171,38,server,0
214,15.076745,38,server,0
215,15.131678,38,server,0
216,15.186314,38,server,0
217,15.241324,38,server,0
218,15.295249,38,server,0
219,15.350277,38,server,0
220,15.404698,38,server,0
221,15.460075,38,server,0
222,15.514126,38,server,0
223,15.569717,38,server,0
224,15.678838,38,server,0
225,15.737303,38,server,0
226,15.787681,38,server,0
227,15.876761,114,server,0
228,15.897589,42,server,0
229,15.952176,38,server,0
230,16.006665,38,server,0
231,16.061293,38,server,0
232,16.119416,38,server,0
233,16.172042,38,server,0
234,16.225826,38,server,0
235,16.280084,38,server,0
236,16.337138,38,server,0
237,16.389334,38,server,0
238,16.444622,38,server,0
239,16.66336,42,server,0
240,16.717939,38,server,0
241,16.776,38,server,0
242,16.827321,38,server,0
243,16.875248,114,server,0
244,16.882197,38,server,0
245,16.937566,38,server,0
246,16.991378,38,server,0
247,17.046019,38,server,0
248,17.075176,104,server,0
249,17.101236,38,server,0
250,17.157073,38,server,0
251,17.211345,38,server,0
252,17.264676,38,server,0
253,17.320498,38,server,0
254,17.375674,42,server,0
255,17.432599,38,server,0
256,17.483794,38,server,0
257,17.540313,38,server,0
258,17.593848,38,server,0
259,17.704497,42,server,0
260,17.75821,38,server,0
261,17.81299,38,server,0
262,17.868151,38,server,0
263,17.874311,114,server,0
264,17.922383,38,server,0
265,17.977723,38,server,0
266,18.035387,38,server,0
267,18.08643,38,server,0
268,18.140872,457,server,0
269,18.196096,38,server,0
270,18.305279,38,server,0
271,18.359876,42,server,0
272,18.415014,38,server,0
273,18.470807,38,server,0
274,18.542027,38,server,0
275,18.578703,38,server,0
276,18.689264,38,server,0
277,18.744765,38,server,0
278,18.85232,38,server,0
279,18.875557,114,server,0
280,18.907052,38,server,0
281,18.963063,38,server,0
282,19.016723,38,server,0
283,19.071415,38,server,0
284,19.181833,38,server,0
285,19.235938,38,server,0
286,19.291392,38,server,0
287,19.34591,38,server,0
288,19.402398,38,server,0
289,19.457913,38,server,0
290,19.509995,38,server,0
291,19.56595,42,server,0
292,19.602283,104,server,0
293,19.674456,38,server,0
294,19.728832,38,server,0
295,19.783944,38,server,0
296,19.837849,38,server,0
297,19.874908,114,server,0
298,19.892735,38,server,0
299,19.947358,38,server,0
300,20.002309,38,server,0
301,20.062209,38,server,0
302,20.111421,38,server,0
303,20.166298,38,server,0
304,20.221396,38,server,0
305,20.280402,38,server,0
306,20.440058,42,server,0
307,20.494704,38,server,0
308,20.548922,38,server,0
309,20.606439,38,server,0
310,20.713969,38,server,0
311,20.769299,38,server,0
312,20.823451,38,server,0
313,20.874219,114,server,0
314,20.877955,38,server,0
315,20.932568,38,server,0
316,20.987538,38,server,0
317,21.041701,38,server,0
318,21.110983,38,server,0
319,21.205978,38,server,0
320,21.440842,1241,server,0
321,21.440846,1241,server,0
322,21.440847,1241,server,0
323,21.440849,1129,server,0
324,21.44085,46,server,0
325,21.534843,38,server,0
326,21.589743,38,server,0
327,21.643693,38,server,0
328,21.697973,38,server,0
329,21.752556,38,server,0
330,21.863443,74,server,0
331,21.874712,138,server,0
332,21.916777,46,server,0
333,22.028364,38,server,0
334,22.080842,38,server,0
335,22.121916,104,server,0
336,22.190648,38,server,0
337,22.245117,38,server,0
338,22.299798,38,server,0
339,22.356377,38,server,0
340,22.410696,38,server,0
341,22.464795,38,server,0
342,22.519705,38,server,0
343,22.574653,38,server,0
344,22.683639,38,server,0
345,22.738613,38,server,0
346,22.793531,38,server,0
347,22.847625,38,server,0
348,22.875121,138,server,0
349,22.902731,38,server,0
350,22.957328,38,server,0
351,23.011936,38,server,0
352,23.066567,38,server,0
353,23.192026,38,server,0
354,23.231787,38,server,0
355,23.286519,38,server,0
356,23.326231,517,server,0
357,23.341596,38,server,0
358,23.376974,132,server,0
359,23.38589,143,server,0
360,23.391152,132,server,0
361,23.395858,38,server,0
362,23.395862,66,server,0
363,23.408771,127,server,0
364,23.424082,132,server,0
365,23.448372,124,server,0
366,23.449121,987,server,0
367,23.452218,38,server,0
368,23.458257,989,server,0
369,23.464825,133,server,0
370,23.466159,987,server,0
371,23.4725,987,server,0
372,23.480024,349,server,0
373,23.482466,141,server,0
374,23.482469,983,server,0
375,23.505128,38,server,0
376,23.511582,130,server,0
377,23.512224,353,server,0
378,23.521168,144,server,0
379,23.548244,133,server,0
380,23.560546,38,server,0
381,23.564689,132,server,0
382,23.582099,114,server,0
383,23.611574,104,server,0
384,23.614991,38,server,0
385,23.619896,105,server,0
386,23.643852,110,server,0
387,23.663116,553,server,0
388,23.663119,119,server,0
389,23.669153,38,server,0
390,23.680841,135,server,0
391,23.701799,117,server,0
392,23.72854,117,server,0
393,23.742678,127,server,0
394,23.756774,126,server,0
395,23.779738,118,server,0
396,23.779742,42,server,0
397,23.780245,34,server,0
398,23.800733,133,server,0
399,23.824043,129,server,0
400,23.833458,38,server,0
401,23.840042,122,server,0
402,23.862394,124,server,0
403,23.874547,138,server,0
404,23.883811,120,server,0
405,23.890545,38,server,0
406,23.906132,114,server,0
407,23.921978,109,server,0
408,23.942916,42,server,0
409,23.944041,115,server,0
410,23.965398,117,server,0
411,23.976811,122,server,0
412,23.998237,42,server,0
413,23.99881,132,server,0
414,24.020523,135,server,0
415,24.042369,134,server,0
416,24.053114,42,server,0
417,24.058839,134,server,0
418,24.080651,134,server,0
419,24.102483,128,server,0
420,24.107181,42,server,0
421,24.124834,128,server,0
422,24.146727,130,server,0
423,24.16188,42,server,0
424,24.162599,129,server,0
425,24.179169,134,server,0
426,24.202823,131,server,0
427,24.216959,42,server,0
428,24.22425,128,server,0
429,24.240208,128,server,0
430,24.271172,42,server,0
431,24.273006,128,server,0
432,24.278553,111,server,0
433,24.300257,126,server,0
434,24.324944,136,server,0
435,24.32626,42,server,0
436,24.344344,124,server,0
437,24.376447,118,server,0
438,24.380863,42,server,0
439,24.383133,122,server,0
440,24.40988,110,server,0
441,24.420689,130,server,0
442,24.435429,42,server,0
443,24.442955,125,server,0
444,24.465301,129,server,0
445,24.480921,120,server,0
446,24.491071,42,server,0
447,24.50338,110,server,0
448,24.524609,109,server,0
449,24.541181,108,server,0
450,24.544676,42,server,0
451,24.568898,107,server,0
452,24.585451,121,server,0
453,24.602847,42,server,0
454,24.60414,110,server,0
455,24.623211,112,server,0
456,24.644998,116,server,0
457,24.648059,104,server,0
458,24.654814,42,server,0
459,24.655908,110,server,0
460,24.683966,113,server,0
461,24.705503,116,server,0
462,24.709014,42,server,0
463,24.744369,114,server,0
464,24.749019,115,server,0
465,24.751711,66,server,0
466,24.755064,1046,server,0
467,24.760069,1047,server,0
468,24.76928,119,server,0
469,24.769638,1047,server,0
470,24.769641,1047,server,0
471,24.77626,1043,server,0
472,24.781063,117,server,0
473,24.789513,1170,server,0
474,24.79578,1170,server,0
475,24.806183,118,server,0
476,24.806187,1170,server,0
477,24.811466,1170,server,0
478,24.816652,1170,server,0
479,24.81868,46,server,0
480,24.82175,119,server,0
481,24.8283,1170,server,0
482,24.832963,1170,server,0
483,24.838359,110,server,0
484,24.844498,1170,server,0
485,24.849781,1170,server,0
486,24.856061,1170,server,0
487,24.865611,121,server,0
488,24.866042,1170,server,0
489,24.880395,1170,server,0
490,24.880399,46,server,0
491,24.8804,138,server,0
492,24.880467,117,server,0
493,24.882351,1170,server,0
494,24.893334,1170,server,0
495,24.898678,1170,server,0
496,24.907047,118,server,0
497,24.908394,1167,server,0
498,24.909455,1049,server,0
499,24.915412,1050,server,0
500,24.920698,120,server,0
501,24.920703,1050,server,0
502,24.926472,1050,server,0
503,24.928024,50,server,0
504,24.931801,904,server,0
505,24.937034,904,server,0
506,24.944448,904,server,0
507,24.948009,942,server,0
508,24.954824,942,server,0
509,24.96003,111,server,0
510,24.960033,107,server,0
511,24.960512,942,server,0
512,24.966193,943,server,0
513,24.970967,1206,server,0
514,24.976443,1206,server,0
515,24.981528,113,server,0
516,24.981939,1206,server,0
517,24.982453,38,server,0
518,24.987994,1206,server,0
519,24.992948,1206,server,0
520,24.998092,1206,server,0
521,25.00335,111,server,0
522,25.009237,1206,server,0
523,25.015593,1207,server,0
524,25.022829,109,server,0
525,25.022832,1207,server,0
526,25.025871,456,server,0
527,25.037433,42,server,0
528,25.037859,34,server,0
529,25.045661,66,server,0
530,25.052674,118,server,0
531,25.05836,126,server,0
532,25.091915,38,server,0
533,25.096164,114,server,0
534,25.112672,110,server,0
535,25.118543,866,server,0
536,25.118546,867,server,0
537,25.12965,867,server,0
538,25.136153,124,server,0
539,25.136157,115,server,0
540,25.141882,119,server,0
541,25.144991,1092,server,0
542,25.147108,42,server,0
543,25.148601,1092,server,0
544,25.153868,1092,server,0
545,25.159033,1093,server,0
546,25.163923,113,server,0
547,25.169631,956,server,0
548,25.175031,956,server,0
549,25.175035,956,server,0
550,25.181602,956,server,0
551,25.188583,112,server,0
552,25.201662,38,server,0
553,25.20314,115,server,0
554,25.208603,892,server,0
555,25.208606,892,server,0
556,25.234778,115,server,0
557,25.234781,893,server,0
558,25.24854,114,server,0
559,25.248577,990,server,0
560,25.258296,115,server,0
561,25.258299,990,server,0
562,25.264402,990,server,0
563,25.274297,991,server,0
564,25.274752,991,server,0
565,25.292938,66,server,0
566,25.292943,118,server,0
567,25.301435,118,server,0
568,25.301739,965,server,0
569,25.307443,965,server,0
570,25.311181,42,server,0
571,25.316785,965,server,0
572,25.316789,965,server,0
573,25.331282,122,server,0
574,25.339824,117,server,0
575,25.340671,1137,server,0
576,25.345546,1138,server,0
577,25.351273,1138,server,0
578,25.356589,1138,server,0
579,25.361794,1138,server,0
580,25.37714,42,server,0
581,25.377144,117,server,0
582,25.385566,115,server,0
583,25.38557,1071,server,0
584,25.391024,1071,server,0
585,25.419249,116,server,0
586,25.419253,996,server,0
587,25.421682,46,server,0
588,25.421898,113,server,0
589,25.422603,996,server,0
590,25.428987,996,server,0
591,25.439018,997,server,0
592,25.443798,117,server,0
593,25.460832,115,server,0
594,25.472426,1118,server,0
595,25.475009,42,server,0
596,25.477929,1118,server,0
597,25.482393,117,server,0
598,25.482807,1118,server,0
599,25.487835,1118,server,0
600,25.494384,1118,server,0
601,25.498547,114,server,0
602,25.499344,1118,server,0
603,25.508005,66,server,0
604,25.511487,1119,server,0
605,25.515436,1119,server,0
606,25.521136,1119,server,0
607,25.525964,115,server,0
608,25.526229,645,server,0
609,25.529385,42,server,0
610,25.531518,645,server,0
611,25.543564,43,server,0
612,25.548476,1158,server,0
613,25.553854,1159,server,0
614,25.558888,1159,server,0
615,25.584111,42,server,0
616,25.586259,1045,server,0
617,25.586584,1045,server,0
618,25.603302,1046,server,0
619,25.603309,1046,server,0
620,25.613158,1046,server,0
621,25.614492,1046,server,0
622,25.62442,1046,server,0
623,25.642484,42,server,0
624,25.648263,1156,server,0
625,25.653647,1156,server,0
626,25.679242,1156,server,0
627,25.684847,1156,server,0
628,25.694629,1156,server,0
629,25.698908,1156,server,0
630,25.703257,1157,server,0
631,25.706926,1157,server,0
632,25.71342,1157,server,0
633,25.717614,1157,server,0
634,25.729681,1157,server,0
635,25.734292,1001,server,0
636,25.739576,1002,server,0
637,25.744849,1002,server,0
638,25.750421,710,server,0
639,25.750425,711,server,0
640,25.755774,828,server,0
641,25.761096,829,server,0
642,25.766797,829,server,0
643,25.803008,42,server,0
644,25.821564,1184,server,0
645,25.832334,120,server,0
646,25.834429,1184,server,0
647,25.837724,66,server,0
648,25.840927,1184,server,0
649,25.844957,1184,server,0
650,25.849119,117,server,0
651,25.84993,1184,server,0
652,25.855967,124,server,0
653,25.85597,860,server,0
654,25.858137,46,server,0
655,25.861473,129,server,0
656,25.861478,861,server,0
657,25.874528,162,server,0
658,25.884521,1178,server,0
659,25.895589,1179,server,0
660,25.899637,139,server,0
661,25.900044,136,server,0
662,25.914278,42,server,0
663,25.919187,1019,server,0
664,25.921938,137,server,0
665,25.922655,1020,server,0
666,25.949166,137,server,0
667,25.969,137,server,0
668,25.969004,1185,server,0
669,25.969601,46,server,0
670,25.971312,1186,server,0
671,25.976375,1186,server,0
672,25.982213,138,server,0
673,25.987577,1186,server,0
674,25.99324,1186,server,0
675,25.998288,942,server,0
676,26.004971,131,server,0
677,26.005787,942,server,0
678,26.024197,42,server,0
679,26.02625,136,server,0
680,26.037965,865,server,0
681,26.050566,138,server,0
682,26.05057,865,server,0
683,26.077527,42,server,0
684,26.082046,135,server,0
685,26.108401,147,server,0
686,26.114823,845,server,0
687,26.114874,845,server,0
688,26.12549,133,server,0
689,26.125494,127,server,0
690,26.126439,1160,server,0
691,26.134873,1160,server,0
692,26.137479,42,server,0
693,26.137483,1160,server,0
694,26.143535,1161,server,0
695,26.15886,116,server,0
696,26.164296,128,server,0
697,26.169718,1099,server,0
698,26.175137,1099,server,0
699,26.1812,1100,server,0
700,26.188176,120,server,0
701,26.189209,46,server,0
702,26.20326,136,server,0
703,26.20807,1200,server,0
704,26.213748,1200,server,0
705,26.22542,138,server,0
706,26.235343,66,server,0
707,26.241571,42,server,0
708,26.247695,126,server,0
709,26.248555,867,server,0
710,26.252408,868,server,0
711,26.257388,868,server,0
712,26.268023,131,server,0
713,26.284835,134,server,0
714,26.296197,1079,server,0
715,26.297927,46,server,0
716,26.300742,132,server,0
717,26.301439,1079,server,0
718,26.306865,1080,server,0
719,26.312084,1080,server,0
720,26.318053,1080,server,0
721,26.323202,125,server,0
722,26.324699,1080,server,0
723,26.328541,915,server,0
724,26.334019,915,server,0
725,26.339739,915,server,0
726,26.352174,42,server,0
727,26.361059,133,server,0
728,26.375619,131,server,0
729,26.375623,862,server,0
730,26.378832,862,server,0
731,26.378836,862,server,0
732,26.383024,122,server,0
733,26.404841,123,server,0
734,26.405984,42,server,0
735,26.416006,1100,server,0
736,26.421773,1101,server,0
737,26.426638,128,server,0
738,26.451208,129,server,0
739,26.459544,129,server,0
740,26.460397,42,server,0
741,26.47052,1065,server,0
742,26.476486,1065,server,0
743,26.482176,123,server,0
744,26.482819,1066,server,0
745,26.487107,1066,server,0
746,26.492745,1066,server,0
747,26.499656,867,server,0
748,26.503152,129,server,0
749,26.503157,867,server,0
750,26.509207,867,server,0
751,26.515514,66,server,0
752,26.51595,42,server,0
753,26.531659,123,server,0
754,26.542833,124,server,0
755,26.544603,1088,server,0
756,26.548071,1088,server,0
757,26.565109,136,server,0
758,26.56967,46,server,0
759,26.581452,139,server,0
760,26.586767,830,server,0
761,26.588281,831,server,0
762,26.603415,122,server,0
763,26.620565,132,server,0
764,26.624836,1104,server,0
765,26.62484,50,server,0
766,26.631151,1104,server,0
767,26.635564,1104,server,0
768,26.641429,1104,server,0
769,26.647358,130,server,0
770,26.647421,1104,server,0
771,26.663083,132,server,0
772,26.668731,1041,server,0
773,26.674422,1041,server,0
774,26.679899,42,server,0
775,26.679904,66,server,0
776,26.680056,1042,server,0
777,26.684756,126,server,0
778,26.701691,131,server,0
779,26.702381,1040,server,0
780,26.706894,1040,server,0
781,26.728583,128,server,0
782,26.734811,42,server,0
783,26.745022,124,server,0
784,26.750917,939,server,0
785,26.751986,940,server,0
786,26.770474,125,server,0
787,26.778292,66,server,0
788,26.783482,124,server,0
789,26.790654,42,server,0
790,26.807903,121,server,0
791,26.811421,1102,server,0
792,26.814268,1102,server,0
793,26.816899,1102,server,0
794,26.821738,127,server,0
795,26.823284,1102,server,0
796,26.82863,1103,server,0
797,26.83394,1103,server,0
798,26.844548,1038,server,0
799,26.844552,46,server,0
800,26.852048,1039,server,0
801,26.854732,126,server,0
802,26.855672,1039,server,0
803,26.865915,128,server,0
804,26.867999,1077,server,0
805,26.875046,162,server,0
806,26.877497,1077,server,0
807,26.881886,121,server,0
808,26.899618,38,server,0
809,26.903458,117,server,0
810,26.915954,920,server,0
811,26.924347,920,server,0
812,26.926671,112,server,0
813,26.942971,114,server,0
814,26.954504,46,server,0
815,26.964894,114,server,0
816,26.96663,1199,server,0
817,26.971655,1199,server,0
818,26.976824,1199,server,0
819,26.981124,123,server,0
820,26.981915,1199,server,0
821,26.986895,1199,server,0
822,26.998547,1082,server,0
823,27.007439,46,server,0
824,27.008346,117,server,0
825,27.030656,121,server,0
826,27.041106,125,server,0
827,27.041465,1003,server,0
828,27.049564,1003,server,0
829,27.062466,42,server,0
830,27.063289,113,server,0
831,27.079782,114,server,0
832,27.080255,651,server,0
833,27.085554,651,server,0
834,27.100954,66,server,0
835,27.117456,42,server,0
836,27.118011,114,server,0
837,27.124928,118,server,0
838,27.129336,1153,server,0
839,27.13473,1153,server,0
840,27.140656,132,server,0
841,27.14066,1153,server,0
842,27.145745,1153,server,0
843,27.151018,1153,server,0
844,27.161971,128,server,0
845,27.17243,46,server,0
846,27.173209,732,server,0
847,27.173212,732,server,0
848,27.205262,120,server,0
849,27.212459,124,server,0
850,27.217701,1022,server,0
851,27.221919,1022,server,0
852,27.226352,38,server,0
853,27.227533,125,server,0
854,27.249905,126,server,0
855,27.254982,695,server,0
856,27.255676,695,server,0
857,27.261911,125,server,0
858,27.282364,46,server,0
859,27.282366,125,server,0
860,27.298454,131,server,0
861,27.298799,1206,server,0
862,27.310765,1206,server,0
863,27.31676,1206,server,0
864,27.320365,1206,server,0
865,27.325647,129,server,0
866,27.326101,1206,server,0
867,27.331663,1207,server,0
868,27.336092,46,server,0
869,27.337047,1100,server,0
870,27.340219,104,server,0
871,27.358637,134,server,0
872,27.364109,130,server,0
873,27.370007,1112,server,0
874,27.380679,127,server,0
875,27.390373,42,server,0
876,27.40888,125,server,0
877,27.415398,833,server,0
878,27.420821,833,server,0
879,27.425712,833,server,0
880,27.431537,132,server,0
881,27.44179,114,server,0
882,27.445245,46,server,0
883,27.463939,107,server,0
884,27.465462,1087,server,0
885,27.468873,1087,server,0
886,27.474832,1088,server,0
887,27.480097,1088,server,0
888,27.485365,118,server,0
889,27.485668,1088,server,0
890,27.499803,42,server,0
891,27.501805,117,server,0
892,27.502167,818,server,0
893,27.523907,113,server,0
894,27.546078,107,server,0
895,27.546088,933,server,0
896,27.551943,934,server,0
897,27.554717,42,server,0
898,27.562331,105,server,0
899,27.578209,105,server,0
900,27.584851,1140,server,0
901,27.605929,106,server,0
902,27.610637,46,server,0
903,27.622019,106,server,0
904,27.62278,1023,server,0
905,27.62819,1023,server,0
906,27.628203,66,server,0
907,27.634257,1023,server,0
908,27.63426,1024,server,0
909,27.644826,97,server,0
910,27.661656,102,server,0
911,27.664741,42,server,0
912,27.667498,1180,server,0
913,27.689264,106,server,0
914,27.699862,109,server,0
915,27.711427,754,server,0
916,27.711431,755,server,0
917,27.718839,46,server,0
918,27.732324,114,server,0
919,27.74358,114,server,0
920,27.749173,1108,server,0
921,27.759814,112,server,0
922,27.774837,42,server,0
923,27.789547,110,server,0
924,27.798396,1196,server,0
925,27.803572,1196,server,0
926,27.80877,108,server,0
927,27.815506,1197,server,0
928,27.820621,1197,server,0
929,27.825376,108,server,0
930,27.828657,46,server,0
931,27.836606,1042,server,0
932,27.847224,109,server,0
933,27.869111,111,server,0
934,27.869649,712,server,0
935,27.875161,162,server,0
936,27.875165,713,server,0
937,27.884045,46,server,0
938,27.886542,120,server,0
939,27.902769,109,server,0
940,27.914909,713,server,0
941,27.919541,713,server,0
942,27.925436,114,server,0
943,27.93789,42,server,0
944,27.941886,125,server,0
945,27.964068,143,server,0
946,27.970559,938,server,0
947,27.970564,938,server,0
948,27.976327,939,server,0
949,27.98012,939,server,0
950,27.99365,141,server,0
951,27.9956,46,server,0
952,27.996155,723,server,0
953,28.001852,723,server,0
954,28.006812,133,server,0
955,28.029245,136,server,0
956,28.045011,136,server,0
957,28.045016,633,server,0
958,28.045017,633,server,0
959,28.04692,42,server,0
960,28.061464,132,server,0
961,28.080931,576,server,0
962,28.08369,133,server,0
963,28.101575,42,server,0
964,28.105357,132,server,0
965,28.121717,133,server,0
966,28.122652,1131,server,0
967,28.128631,1131,server,0
968,28.134049,1131,server,0
969,28.144681,129,server,0
970,28.157717,42,server,0
971,28.160961,129,server,0
972,28.166706,677,server,0
973,28.190352,130,server,0
974,28.199149,135,server,0
975,28.199617,1207,server,0
976,28.210853,42,server,0
977,28.221535,130,server,0
978,28.243467,128,server,0
979,28.248817,909,server,0
980,28.248821,909,server,0
981,28.259765,909,server,0
982,28.265949,42,server,0
983,28.271129,136,server,0
984,28.287278,140,server,0
985,28.309608,1071,server,0
986,28.314274,133,server,0
987,28.314663,1071,server,0
988,28.319761,1071,server,0
989,28.321395,46,server,0
990,28.336494,128,server,0
991,28.338346,1072,server,0
992,28.339944,66,server,0
993,28.341415,866,server,0
994,28.348986,867,server,0
995,28.353479,133,server,0
996,28.363193,124,server,0
997,28.37525,46,server,0
998,28.38077,119,server,0
999,28.381522,840,server,0
1000,28.403061,124,server,0
1001,28.414485,371,server,0
1002,28.430196,42,server,0
1003,28.436638,127,server,0
1004,28.447271,124,server,0
1005,28.46362,125,server,0
1006,28.464852,1161,server,0
1007,28.470045,1161,server,0
1008,28.474734,1162,server,0
1009,28.485471,46,server,0
1010,28.485976,125,server,0
1011,28.508393,123,server,0
1012,28.508776,1063,server,0
1013,28.530217,121,server,0
1014,28.5361,755,server,0
1015,28.539791,42,server,0
1016,28.541505,756,server,0
1017,28.552321,117,server,0
1018,28.56919,125,server,0
1019,28.580708,101,server,0
1020,28.580714,972,server,0
1021,28.584598,972,server,0
1022,28.587412,974,server,0
1023,28.590924,974,server,0
1024,28.59434,974,server,0
1025,28.594559,42,server,0
1026,28.603891,103,server,0
1027,28.63413,108,server,0
1028,28.637278,1102,server,0
1029,28.642156,102,server,0
1030,28.64216,1102,server,0
1031,28.648405,1102,server,0
1032,28.648409,42,server,0
1033,28.654015,1102,server,0
1034,28.658821,1102,server,0
1035,28.664249,99,server,0
1036,28.664555,707,server,0
1037,28.664559,707,server,0
1038,28.694805,103,server,0
1039,28.703012,107,server,0
1040,28.703459,46,server,0
1041,28.714119,817,server,0
1042,28.717271,818,server,0
1043,28.720053,820,server,0
1044,28.722749,820,server,0
1045,28.726057,820,server,0
1046,28.72819,820,server,0
1047,28.738935,122,server,0
1048,28.744883,131,server,0
1049,28.750157,919,server,0
1050,28.758398,42,server,0
1051,28.778325,137,server,0
1052,28.788941,140,server,0
1053,28.795496,1071,server,0
1054,28.795503,1072,server,0
1055,28.804808,1072,server,0
1056,28.810225,129,server,0
1057,28.810631,1072,server,0
1058,28.812901,42,server,0
1059,28.828111,128,server,0
1060,28.829024,686,server,0
1061,28.829032,686,server,0
1062,28.842858,125,server,0
1063,28.859743,125,server,0
1064,28.868642,46,server,0
1065,28.870467,770,server,0
1066,28.874017,162,server,0
1067,28.87629,771,server,0
1068,28.893194,122,server,0
1069,28.89796,122,server,0
1070,28.908836,1165,server,0
1071,28.91957,121,server,0
1072,28.922276,42,server,0
1073,28.941953,127,server,0
1074,28.959063,1132,server,0
1075,28.959068,1132,server,0
1076,28.963257,126,server,0
1077,28.969277,1133,server,0
1078,28.974366,1133,server,0
1079,28.976916,42,server,0
1080,28.991791,127,server,0
1081,29.002663,134,server,0
1082,29.008431,882,server,0
1083,29.024342,130,server,0
1084,29.032137,46,server,0
1085,29.035936,1151,server,0
1086,29.041984,127,server,0
1087,29.062886,129,server,0
1088,29.06743,66,server,0
1089,29.079492,131,server,0
1090,29.080255,695,server,0
1091,29.080257,696,server,0
1092,29.086445,42,server,0
1093,29.101068,123,server,0
1094,29.122907,125,server,0
1095,29.128572,1005,server,0
1096,29.13422,1005,server,0
1097,29.139584,124,server,0
1098,29.14077,1005,server,0
1099,29.141071,42,server,0
1100,29.145274,1005,server,0
1101,29.163423,123,server,0
1102,29.190065,127,server,0
1103,29.193641,1027,server,0
1104,29.195791,46,server,0
1105,29.200435,130,server,0
1106,29.211463,636,server,0
1107,29.216727,636,server,0
1108,29.228285,131,server,0
1109,29.239326,121,server,0
1110,29.244558,1046,server,0
1111,29.266296,118,server,0
1112,29.283411,123,server,0
1113,29.293795,994,server,0
1114,29.294872,994,server,0
1115,29.298681,119,server,0
1116,29.299143,994,server,0
1117,29.305506,994,server,0
1118,29.305844,46,server,0
1119,29.321309,119,server,0
1120,29.337865,683,server,0
1121,29.342782,125,server,0
1122,29.364658,42,server,0
1123,29.369979,122,server,0
1124,29.375897,953,server,0
1125,29.386391,100,server,0
1126,29.403193,106,server,0
1127,29.403529,653,server,0
1128,29.412573,654,server,0
1129,29.414409,42,server,0
1130,29.425026,123,server,0
1131,29.452501,117,server,0
1132,29.463161,120,server,0
1133,29.463842,1074,server,0
1134,29.463845,1074,server,0
1135,29.469738,46,server,0
1136,29.475862,1075,server,0
1137,29.48721,123,server,0
1138,29.497651,697,server,0
1139,29.508796,124,server,0
1140,29.524398,46,server,0
1141,29.524924,119,server,0
1142,29.541853,1161,server,0
1143,29.546884,135,server,0
1144,29.568557,135,server,0
1145,29.579003,38,server,0
1146,29.58524,129,server,0
1147,29.585492,644,server,0
1148,29.607078,133,server,0
1149,29.629512,125,server,0
1150,29.636431,46,server,0
1151,29.636801,66,server,0
1152,29.639697,129,server,0
1153,29.640374,1077,server,0
1154,29.641682,1077,server,0
1155,29.651306,1077,server,0
1156,29.662203,133,server,0
1157,29.67007,876,server,0
1158,29.690196,137,server,0
1159,29.691489,30,server,0
1160,29.6938,30,server,0
1161,29.70009,66,server,0
1162,29.702145,136,server,0
1163,29.718751,1092,server,0
1164,29.728453,129,server,0
1165,29.740747,128,server,0
1166,29.743434,46,server,0
1167,29.745803,1113,server,0
1168,29.750853,1113,server,0
1169,29.761087,129,server,0
1170,29.78959,130,server,0
1171,29.794819,1049,server,0
1172,29.797562,46,server,0
1173,29.799308,108,server,0
1174,29.800514,1050,server,0
1175,29.800518,1050,server,0
1176,29.805597,1050,server,0
1177,29.822253,102,server,0
1178,29.833423,724,server,0
1179,29.837687,724,server,0
1180,29.84305,105,server,0
1181,29.853069,42,server,0
1182,29.854252,104,server,0
1183,29.864986,105,server,0
1184,29.866437,785,server,0
1185,29.875111,186,server,0
1186,29.876285,785,server,0
1187,29.899037,128,server,0
1188,29.90428,126,server,0
1189,29.906805,42,server,0
1190,29.907747,186,server,0
1191,29.924274,996,server,0
1192,29.926704,122,server,0
1193,29.942615,116,server,0
1194,29.954491,1063,server,0
1195,29.962771,46,server,0
1196,29.965548,118,server,0
1197,29.965551,1063,server,0
1198,29.965552,1063,server,0
1199,29.976909,1064,server,0
1200,29.982212,125,server,0
1201,29.998751,1157,server,0
1202,30.016724,46,server,0
1203,30.02031,134,server,0
1204,30.025733,127,server,0
1205,30.042254,133,server,0
1206,30.042519,845,server,0
1207,30.047354,846,server,0
1208,30.070393,132,server,0
1209,30.07125,38,server,0
1210,30.086631,131,server,0
1211,30.087254,1133,server,0
1212,30.103429,128,server,0
1213,30.113947,126,server,0
1214,30.132472,46,server,0
1215,30.134531,1140,server,0
1216,30.134537,1140,server,0
1217,30.139976,1141,server,0
1218,30.142778,1141,server,0
1219,30.14948,129,server,0
1220,30.164497,131,server,0
1221,30.165778,774,server,0
1222,30.18072,46,server,0
1223,30.181666,124,server,0
1224,30.203209,124,server,0
1225,30.220664,1028,server,0
1226,30.232306,124,server,0
1227,30.241855,127,server,0
1228,30.245502,635,server,0
1229,30.248387,635,server,0
1230,30.268972,128,server,0
1231,30.281089,118,server,0
1232,30.290976,46,server,0
1233,30.291553,1020,server,0
1234,30.296363,1020,server,0
1235,30.301871,117,server,0
1236,30.301875,1020,server,0
1237,30.31298,1021,server,0
1238,30.32529,108,server,0
1239,30.335298,878,server,0
1240,30.340298,99,server,0
1241,30.345176,42,server,0
1242,30.373156,106,server,0
1243,30.378279,106,server,0
1244,30.378533,1151,server,0
1245,30.436499,42,server,0
1246,30.436718,126,server,0
1247,30.436721,638,server,0
1248,30.436722,638,server,0
1249,30.436723,127,server,0
1250,30.455168,42,server,0
1251,30.465839,121,server,0
1252,30.471242,123,server,0
1253,30.471823,1038,server,0
1254,30.471827,1038,server,0
1255,30.476931,1038,server,0
1256,30.476935,1038,server,0
1257,30.483498,131,server,0
1258,30.483509,1038,server,0
1259,30.49345,1100,server,0
1260,30.504142,140,server,0
1261,30.50867,42,server,0
1262,30.520776,133,server,0
1263,30.538498,126,server,0
1264,30.538916,1094,server,0
1265,30.563712,46,server,0
1266,30.565616,133,server,0
1267,30.581672,131,server,0
1268,30.582985,903,server,0
1269,30.603776,130,server,0
1270,30.614402,66,server,0
1271,30.625701,132,server,0
1272,30.626345,951,server,0
1273,30.62669,951,server,0
1274,30.632427,951,server,0
1275,30.63243,951,server,0
1276,30.648485,126,server,0
1277,30.665254,120,server,0
1278,30.673329,42,server,0
1279,30.681249,623,server,0
1280,30.686733,125,server,0
1281,30.702895,120,server,0
1282,30.703306,650,server,0
1283,30.710498,650,server,0
1284,30.720426,122,server,0
1285,30.727977,46,server,0
1286,30.743566,125,server,0
1287,30.752556,834,server,0
1288,30.752907,834,server,0
1289,30.752911,835,server,0
1290,30.771569,122,server,0
1291,30.779549,118,server,0
1292,30.782673,42,server,0
1293,30.791252,1142,server,0
1294,30.791256,1143,server,0
1295,30.807753,122,server,0
1296,30.807758,1143,server,0
1297,30.807759,1143,server,0
1298,30.829258,126,server,0
1299,30.830478,652,server,0
1300,30.830868,652,server,0
1301,30.837296,46,server,0
1302,30.840729,129,server,0
1303,30.866844,129,server,0
1304,30.879378,880,server,0
1305,30.884489,130,server,0
1306,30.885205,881,server,0
1307,30.891544,42,server,0
1308,30.900774,125,server,0
1309,30.907115,638,server,0
1310,30.907118,638,server,0
1311,30.908551,186,server,0
1312,30.933659,127,server,0
1313,30.939324,122,server,0
1314,30.948125,46,server,0
1315,30.962065,121,server,0
1316,30.966987,1053,server,0
1317,30.967148,1053,server,0
1318,30.972318,1053,server,0
1319,31.001293,46,server,0
1320,31.010151,121,server,0
1321,31.010787,124,server,0
1322,31.027041,120,server,0
1323,31.043026,105,server,0
1324,31.051048,1054,server,0
1325,31.058117,1054,server,0
1326,31.058177,699,server,0
1327,31.058193,699,server,0
1328,31.058228,42,server,0
1329,31.061332,1179,server,0
1330,31.061344,1179,server,0
1331,31.065756,121,server,0
1332,31.087934,121,server,0
1333,31.088393,661,server,0
1334,31.093253,661,server,0
1335,31.104139,113,server,0
1336,31.111915,42,server,0
1337,31.111925,186,server,0
1338,31.120788,122,server,0
1339,31.121583,1134,server,0
1340,31.126902,1135,server,0
1341,31.131964,1135,server,0
1342,31.137345,1135,server,0
1343,31.142415,133,server,0
1344,31.166589,129,server,0
1345,31.166594,629,server,0
1346,31.166595,630,server,0
1347,31.166596,46,server,0
1348,31.186916,128,server,0
1349,31.202692,128,server,0
1350,31.203174,961,server,0
1351,31.203178,961,server,0
1352,31.208356,961,server,0
1353,31.219066,131,server,0
1354,31.220343,42,server,0
1355,31.246791,136,server,0
1356,31.247407,672,server,0
1357,31.247412,672,server,0
1358,31.262995,120,server,0
1359,31.275544,46,server,0
1360,31.292059,122,server,0
1361,31.296715,1177,server,0
1362,31.302147,112,server,0
1363,31.302518,1177,server,0
1364,31.307202,1178,server,0
1365,31.307846,1178,server,0
1366,31.329284,111,server,0
1367,31.331763,46,server,0
1368,31.334957,1126,server,0
1369,31.345696,115,server,0
1370,31.367708,101,server,0
1371,31.378298,99,server,0
1372,31.378718,932,server,0
1373,31.378722,932,server,0
1374,31.378818,932,server,0
1375,31.384245,42,server,0
1376,31.400343,101,server,0
1377,31.411074,1086,server,0
1378,31.432577,101,server,0
1379,31.438816,46,server,0
1380,31.443139,102,server,0
1381,31.468203,102,server,0
1382,31.472339,1066,server,0
1383,31.47603,1066,server,0
1384,31.476034,1066,server,0
1385,31.477249,1066,server,0
1386,31.482613,1067,server,0
1387,31.4872,105,server,0
1388,31.493516,46,server,0
1389,31.498406,1067,server,0
1390,31.503287,107,server,0
1391,31.504732,878,server,0
1392,31.525338,103,server,0
1393,31.531448,971,server,0
1394,31.536822,971,server,0
1395,31.547678,103,server,0
1396,31.549559,42,server,0
1397,31.56919,108,server,0
1398,31.580284,1034,server,0
1399,31.602781,106,server,0
1400,31.603075,42,server,0
1401,31.611691,107,server,0
1402,31.612768,66,server,0
1403,31.624144,43,server,0
1404,31.63092,1115,server,0
1405,31.634886,1115,server,0
1406,31.634891,1115,server,0
1407,31.640902,1116,server,0
1408,31.646501,1116,server,0
1409,31.657919,46,server,0
1410,31.711563,839,server,0
1411,31.712259,42,server,0
1412,31.728412,840,server,0
1413,31.746703,1201,server,0
1414,31.750942,1202,server,0
1415,31.766929,42,server,0
1416,31.794134,1181,server,0
1417,31.804448,132,server,0
1418,31.821729,38,server,0
1419,31.831694,135,server,0
1420,31.842812,142,server,0
1421,31.842816,1156,server,0
1422,31.848121,1157,server,0
1423,31.854231,1157,server,0
1424,31.854235,1157,server,0
1425,31.860143,1157,server,0
1426,31.866406,134,server,0
1427,31.876418,46,server,0
1428,31.897329,140,server,0
1429,31.903584,125,server,0
1430,31.930545,125,server,0
1431,31.93179,50,server,0
1432,31.946877,124,server,0
1433,31.972821,119,server,0
1434,31.981451,122,server,0
1435,31.985821,46,server,0
1436,31.990716,900,server,0
1437,31.995925,900,server,0
1438,32.00139,116,server,0
1439,32.005508,66,server,0
1440,32.037309,114,server,0
1441,32.043382,42,server,0
1442,32.046302,116,server,0
1443,32.067069,132,server,0
1444,32.08371,130,server,0
1445,32.084714,1131,server,0
1446,32.0946,1132,server,0
1447,32.095614,42,server,0
1448,32.099817,133,server,0
1449,32.11157,186,server,0
1450,32.122462,684,server,0
1451,32.13874,127,server,0
1452,32.151258,42,server,0
1453,32.160942,135,server,0
1454,32.160953,125,server,0
1455,32.16578,958,server,0
1456,32.171018,958,server,0
1457,32.176683,958,server,0
1458,32.17669,959,server,0
1459,32.181903,123,server,0
1460,32.198931,126,server,0
1461,32.204252,659,server,0
1462,32.204626,46,server,0
1463,32.225656,128,server,0
1464,32.247673,124,server,0
1465,32.259406,38,server,0
1466,32.264764,129,server,0
1467,32.287764,124,server,0
1468,32.287768,737,server,0
1469,32.297346,738,server,0
1470,32.307762,108,server,0
1471,32.314156,46,server,0
1472,32.32797,101,server,0
1473,32.336244,616,server,0
1474,32.347793,103,server,0
1475,32.362992,104,server,0
1476,32.369058,46,server,0
1477,32.369508,105,server,0
1478,32.375443,993,server,0
1479,32.381391,993,server,0
1480,32.392831,123,server,0
1481,32.392835,993,server,0
1482,32.43821,139,server,0
1483,32.438213,495,server,0
1484,32.438214,128,server,0
1485,32.475024,131,server,0
1486,32.475027,133,server,0
1487,32.475644,752,server,0
1488,32.478179,50,server,0
1489,32.485191,113,server,0
1490,32.506534,103,server,0
1491,32.508907,1036,server,0
1492,32.523048,102,server,0
1493,32.533001,42,server,0
1494,32.541435,105,server,0
1495,32.541896,1170,server,0
1496,32.561557,1171,server,0
1497,32.566754,109,server,0
1498,32.571915,66,server,0
1499,32.587538,111,server,0
1500,32.588374,42,server,0
1501,32.606319,111,server,0
1502,32.616748,111,server,0
1503,32.633641,536,server,0
1504,32.64318,42,server,0
1505,32.645104,113,server,0
1506,32.656259,111,server,0
1507,32.662352,901,server,0
1508,32.667522,1005,server,0
1509,32.68428,113,server,0
1510,32.698778,42,server,0
1511,32.702984,111,server,0
1512,32.706177,896,server,0
1513,32.707367,896,server,0
1514,32.739634,116,server,0
1515,32.744407,43,server,0
1516,32.750582,1129,server,0
1517,32.75397,42,server,0
1518,32.79139,128,server,0
1519,32.791656,583,server,0
1520,32.810578,42,server,0
1521,32.810853,123,server,0
1522,32.821471,127,server,0
1523,32.832446,1082,server,0
1524,32.848845,126,server,0
1525,32.863384,42,server,0
1526,32.86491,114,server,0
1527,32.881663,115,server,0
1528,32.882093,870,server,0
1529,32.882097,870,server,0
1530,32.893466,870,server,0
1531,32.90905,115,server,0
1532,32.909055,1052,server,0
1533,32.918132,42,server,0
1534,32.925099,113,server,0
1535,32.946846,109,server,0
1536,32.958134,887,server,0
1537,32.963158,117,server,0
1538,32.972573,46,server,0
1539,32.985654,114,server,0
1540,33.007909,118,server,0
1541,33.009945,1019,server,0
1542,33.024293,116,server,0
1543,33.027668,46,server,0
1544,33.034662,1143,server,0
1545,33.041761,123,server,0
1546,33.041766,1143,server,0
1547,33.041768,1143,server,0
1548,33.067362,122,server,0
1549,33.081881,38,server,0
1550,33.08381,119,server,0
1551,33.083815,1051,server,0
1552,33.102875,43,server,0
1553,33.115562,186,server,0
1554,33.123955,821,server,0
1555,33.136461,46,server,0
1556,33.161793,898,server,0
1557,33.191187,46,server,0
1558,33.205296,823,server,0
1559,33.21058,824,server,0
1560,33.210586,824,server,0
1561,33.248836,38,server,0
1562,33.255843,700,server,0
1563,33.289127,787,server,0
1564,33.304845,46,server,0
1565,33.333245,791,server,0
1566,33.336224,791,server,0
1567,33.362596,46,server,0
1568,33.375094,1193,server,0
1569,33.38029,1194,server,0
1570,33.397515,1194,server,0
1571,33.397528,1194,server,0
1572,33.410221,38,server,0
1573,33.413084,681,server,0
1574,33.419309,682,server,0
1575,33.46362,1110,server,0
1576,33.465496,42,server,0
1577,33.479442,122,server,0
1578,33.490538,916,server,0
1579,33.50887,118,server,0
1580,33.519674,46,server,0
1581,33.523029,133,server,0
1582,33.532202,345,server,0
1583,33.541608,1014,server,0
1584,33.544941,129,server,0
1585,33.544945,1014,server,0
1586,33.54541,1014,server,0
1587,33.572087,141,server,0
1588,33.574037,42,server,0
1589,33.583334,134,server,0
1590,33.591199,987,server,0
1591,33.612597,128,server,0
1592,33.628516,1016,server,0
1593,33.629365,134,server,0
1594,33.629369,42,server,0
1595,33.648925,135,server,0
1596,33.665698,135,server,0
1597,33.666279,842,server,0
1598,33.666287,842,server,0
1599,33.68321,137,server,0
1600,33.683491,46,server,0
1601,33.706382,123,server,0
1602,33.715907,1202,server,0
1603,33.720283,1204,server,0
1604,33.723872,132,server,0
1605,33.724734,1202,server,0
1606,33.730171,1203,server,0
1607,33.734411,1205,server,0
1608,33.749556,129,server,0
1609,33.750534,743,server,0
1610,33.750539,744,server,0
1611,33.762796,129,server,0
1612,33.782879,135,server,0
1613,33.789199,890,server,0
1614,33.793108,42,server,0
1615,33.794068,890,server,0
1616,33.81577,135,server,0
1617,33.828427,131,server,0
1618,33.828437,825,server,0
1619,33.828439,825,server,0
1620,33.839961,66,server,0
1621,33.85008,142,server,0
1622,33.876771,130,server,0
1623,33.877201,1033,server,0
1624,33.877203,1033,server,0
1625,33.882631,133,server,0
1626,33.882936,1033,server,0
1627,33.889996,1033,server,0
1628,33.893669,1034,server,0
1629,33.903281,42,server,0
1630,33.904117,126,server,0
1631,33.909807,658,server,0
1632,33.921445,659,server,0
1633,33.931654,130,server,0
1634,33.942482,124,server,0
1635,33.957303,42,server,0
1636,33.959215,1206,server,0
1637,33.964407,124,server,0
1638,33.991562,124,server,0
1639,33.997742,804,server,0
1640,34.009045,123,server,0
1641,34.012639,46,server,0
1642,34.0336,126,server,0
1643,34.036011,1048,server,0
1644,34.037024,1049,server,0
1645,34.040933,136,server,0
1646,34.041385,1049,server,0
1647,34.063292,1049,server,0
1648,34.06683,42,server,0
1649,34.068596,126,server,0
1650,34.079985,111,server,0
1651,34.079988,494,server,0
1652,34.106812,111,server,0
1653,34.111713,186,server,0
1654,34.121978,46,server,0
1655,34.123212,117,server,0
1656,34.135606,643,server,0
1657,34.141137,113,server,0
1658,34.167307,112,server,0
1659,34.167311,832,server,0
1660,34.167312,833,server,0
1661,34.172648,833,server,0
1662,34.175953,42,server,0
1663,34.183231,120,server,0
1664,34.199975,126,server,0
1665,34.20569,1085,server,0
1666,34.205694,1085,server,0
1667,34.222931,1086,server,0
1668,34.227774,135,server,0
1669,34.230915,42,server,0
1670,34.243795,136,server,0
1671,34.244593,992,server,0
1672,34.265667,122,server,0
1673,34.283631,125,server,0
1674,34.286363,46,server,0
1675,34.288216,1098,server,0
1676,34.288238,1099,server,0
1677,34.298543,127,server,0
1678,34.331802,138,server,0
1679,34.331806,833,server,0
1680,34.339087,833,server,0
1681,34.34196,42,server,0
1682,34.341965,66,server,0
1683,34.342866,132,server,0
1684,34.3672,119,server,0
1685,34.370203,1030,server,0
1686,34.374844,1030,server,0
1687,34.380331,130,server,0
1688,34.381673,1031,server,0
1689,34.39566,42,server,0
1690,34.397073,1031,server,0
1691,34.413015,139,server,0
1692,34.413296,749,server,0
1693,34.413298,750,server,0
1694,34.425105,124,server,0
1695,34.446103,123,server,0
1696,34.462499,118,server,0
1697,34.463603,765,server,0
1698,34.463607,766,server,0
1699,34.484263,115,server,0
1700,34.495225,703,server,0
1701,34.500778,127,server,0
1702,34.500782,703,server,0
1703,34.504321,42,server,0
1704,34.523418,127,server,0
1705,34.539763,133,server,0
1706,34.551438,1069,server,0
1707,34.551442,1070,server,0
1708,34.556372,1070,server,0
1709,34.559657,46,server,0
1710,34.56183,1070,server,0
1711,34.567105,127,server,0
1712,34.583799,878,server,0
1713,34.602693,125,server,0
1714,34.613516,42,server,0
1715,34.616337,119,server,0
1716,34.629388,122,server,0
1717,34.637496,1121,server,0
1718,34.645471,128,server,0
1719,34.665653,131,server,0
1720,34.668333,46,server,0
1721,34.671345,847,server,0
1722,34.688122,134,server,0
1723,34.705051,129,server,0
1724,34.706435,974,server,0
1725,34.710792,975,server,0
1726,34.716064,975,server,0
1727,34.721409,125,server,0
1728,34.722368,975,server,0
1729,34.723004,42,server,0
1730,34.731044,66,server,0
1731,34.743948,121,server,0
1732,34.743952,599,server,0
1733,34.771193,120,server,0
1734,34.777751,46,server,0
1735,34.783385,122,server,0
1736,34.804361,874,server,0
1737,34.80985,123,server,0
1738,34.8213,131,server,0
1739,34.830859,785,server,0
1740,34.830863,786,server,0
1741,34.832721,46,server,0
1742,34.848081,124,server,0
1743,34.863373,121,server,0
1744,34.874514,1006,server,0
1745,34.879749,104,server,0
1746,34.880216,128,server,0
1747,34.885466,1006,server,0
1748,34.887485,42,server,0
1749,34.893501,1007,server,0
1750,34.893504,1007,server,0
1751,34.911392,131,server,0
1752,34.911396,616,server,0
1753,34.925391,124,server,0
1754,34.942172,46,server,0
1755,34.957138,119,server,0
1756,34.963066,124,server,0
1757,34.96339,892,server,0
1758,34.985018,135,server,0
1759,34.990883,791,server,0
1760,34.990907,791,server,0
1761,35.001357,42,server,0
1762,35.004397,129,server,0
1763,35.02296,125,server,0
1764,35.039508,131,server,0
1765,35.039977,988,server,0
1766,35.03998,988,server,0
1767,35.045284,989,server,0
1768,35.051199,50,server,0
1769,35.066843,124,server,0
1770,35.079044,121,server,0
1771,35.083474,984,server,0
1772,35.100091,117,server,0
1773,35.106353,42,server,0
1774,35.111473,186,server,0
1775,35.126859,114,server,0
1776,35.13879,117,server,0
1777,35.138794,1207,server,0
1778,35.161371,119,server,0
1779,35.161375,42,server,0
1780,35.167398,857,server,0
1781,35.173661,858,server,0
1782,35.190788,122,server,0
1783,35.190792,66,server,0
1784,35.204476,130,server,0
1785,35.20525,1094,server,0
1786,35.205253,1094,server,0
1787,35.210251,1094,server,0
1788,35.215425,46,server,0
1789,35.221269,1094,server,0
1790,35.232132,1094,server,0
1791,35.237378,120,server,0
1792,35.270164,42,server,0
1793,35.270603,101,server,0
1794,35.270607,1206,server,0
1795,35.287317,100,server,0
1796,35.292958,104,server,0
1797,35.303048,112,server,0
1798,35.303957,864,server,0
1799,35.303961,865,server,0
1800,35.324747,128,server,0
1801,35.325098,42,server,0
1802,35.33623,909,server,0
1803,35.348964,910,server,0
1804,35.35436,127,server,0
1805,35.379628,42,server,0
1806,35.380602,121,server,0
1807,35.387157,122,server,0
1808,35.388142,1093,server,0
1809,35.388145,1094,server,0
1810,35.393867,1094,server,0
1811,35.398942,137,server,0
1812,35.399502,1094,server,0
1813,35.4157,1121,server,0
1814,35.420765,127,server,0
1815,35.43433,46,server,0
1816,35.45391,120,server,0
1817,35.458022,705,server,0
1818,35.458288,705,server,0
1819,35.468955,120,server,0
1820,35.485289,127,server,0
1821,35.489084,42,server,0
1822,35.502863,1188,server,0
1823,35.507053,125,server,0
1824,35.524601,123,server,0
1825,35.544671,42,server,0
1826,35.545683,125,server,0
1827,35.545687,1009,server,0
1828,35.545688,1010,server,0
1829,35.55147,1010,server,0
1830,35.551473,1010,server,0
1831,35.55659,1010,server,0
1832,35.562138,132,server,0
1833,35.585657,1205,server,0
1834,35.590243,126,server,0
1835,35.603747,46,server,0
1836,35.605918,128,server,0
1837,35.638922,123,server,0
1838,35.638926,1198,server,0
1839,35.644042,127,server,0
1840,35.653741,42,server,0
1841,35.716503,126,server,0
1842,35.716776,772,server,0
1843,35.717444,108,server,0
1844,35.717923,108,server,0
1845,35.717925,42,server,0
1846,35.717926,1142,server,0
1847,35.718698,1142,server,0
1848,35.721045,1142,server,0
1849,35.726482,114,server,0
1850,35.743361,129,server,0
1851,35.743752,766,server,0
1852,35.762578,42,server,0
1853,35.76519,135,server,0
1854,35.782345,123,server,0
1855,35.787614,705,server,0
1856,35.798473,706,server,0
1857,35.817237,125,server,0
1858,35.818888,42,server,0
1859,35.826863,121,server,0
1860,35.832305,1193,server,0
1861,35.838254,1193,server,0
1862,35.848144,125,server,0
1863,35.859451,126,server,0
1864,35.8712,1031,server,0
1865,35.872668,46,server,0
1866,35.878181,1031,server,0
1867,35.879618,1032,server,0
1868,35.882232,110,server,0
1869,35.882835,1032,server,0
1870,35.911104,110,server,0
1871,35.915045,625,server,0
1872,35.916372,626,server,0
1873,35.925963,109,server,0
1874,35.928931,50,server,0
1875,35.948061,106,server,0
1876,35.954365,767,server,0
1877,35.958726,109,server,0
1878,35.959304,768,server,0
1879,35.981201,42,server,0
1880,35.986518,121,server,0
1881,35.997385,1148,server,0
1882,36.002832,109,server,0
1883,36.029922,66,server,0
1884,36.030728,105,server,0
1885,36.036105,42,server,0
1886,36.047011,104,server,0
1887,36.047427,950,server,0
1888,36.04743,950,server,0
1889,36.052617,950,server,0
1890,36.060362,950,server,0
1891,36.066096,109,server,0
1892,36.070135,922,server,0
1893,36.08009,105,server,0
1894,36.09128,46,server,0
1895,36.107342,111,server,0
1896,36.110891,186,server,0
1897,36.12395,104,server,0
1898,36.123954,920,server,0
1899,36.14915,42,server,0
1900,36.156604,113,server,0
1901,36.156607,115,server,0
1902,36.161967,822,server,0
1903,36.184528,109,server,0
1904,36.200702,42,server,0
1905,36.206881,114,server,0
1906,36.206884,1072,server,0
1907,36.2168,108,server,0
1908,36.217646,1072,server,0
1909,36.223041,1073,server,0
1910,36.244012,108,server,0
1911,36.250089,725,server,0
1912,36.255481,46,server,0
1913,36.266238,111,server,0
1914,36.282799,722,server,0
1915,36.28866,113,server,0
1916,36.309793,42,server,0
1917,36.316633,43,server,0
1918,36.321104,655,server,0
1919,36.330467,656,server,0
1920,36.372979,1041,server,0
1921,36.376638,1041,server,0
1922,36.383519,1041,server,0
1923,36.397835,1042,server,0
1924,36.410452,883,server,0
1925,36.419417,42,server,0
1926,36.453154,724,server,0
1927,36.458651,724,server,0
1928,36.4783,46,server,0
1929,36.528588,42,server,0
1930,36.583284,46,server,0
1931,36.637736,46,server,0
1932,36.700184,112,server,0
1933,36.700989,966,server,0
1934,36.700993,967,server,0
1935,36.705543,967,server,0
1936,36.705547,963,server,0
1937,36.711216,1014,server,0
1938,36.711552,1015,server,0
1939,36.716297,1015,server,0
1940,36.722757,1015,server,0
1941,36.72278,1015,server,0
1942,36.727088,43,server,0
1943,36.727647,1011,server,0
1944,36.747333,46,server,0
1945,36.752913,439,server,0
1946,36.801996,42,server,0
1947,36.836644,528,server,0
1948,36.856786,42,server,0
1949,36.869927,1174,server,0
1950,36.911872,42,server,0
1951,36.958374,1061,server,0
1952,36.965949,50,server,0
1953,36.984037,66,server,0
1954,36.991758,627,server,0
1955,37.007334,628,server,0
1956,37.020904,42,server,0
1957,37.040829,1014,server,0
1958,37.040833,1014,server,0
1959,37.067635,1014,server,0
1960,37.078579,636,server,0
1961,37.113041,186,server,0
1962,37.123648,127,server,0
1963,37.123714,1016,server,0
1964,37.123748,1016,server,0
1965,37.128658,1017,server,0
1966,37.128662,1017,server,0
1967,37.130075,42,server,0
1968,37.135738,1017,server,0
1969,37.139346,128,server,0
1970,37.161581,872,server,0
1971,37.172064,131,server,0
1972,37.18325,132,server,0
1973,37.18626,38,server,0
1974,37.199935,130,server,0
1975,37.210618,466,server,0
1976,37.227205,136,server,0
1977,37.240641,42,server,0
1978,37.24366,133,server,0
1979,37.244078,797,server,0
1980,37.24908,797,server,0
1981,37.265631,125,server,0
1982,37.269213,66,server,0
1983,37.288061,128,server,0
1984,37.297661,42,server,0
1985,37.302318,1190,server,0
1986,37.303543,1190,server,0
1987,37.311475,130,server,0
1988,37.320752,130,server,0
1989,37.336819,531,server,0
1990,37.347444,135,server,0
1991,37.350883,46,server,0
1992,37.360848,132,server,0
1993,37.375692,667,server,0
1994,37.381022,133,server,0
1995,37.395187,104,server,0
1996,37.403013,132,server,0
1997,37.404616,629,server,0
1998,37.405396,42,server,0
1999,37.414381,630,server,0
2000,37.431072,132,server,0
2001,37.441519,130,server,0
2002,37.460734,42,server,0
2003,37.47159,962,server,0
2004,37.471615,962,server,0
2005,37.473075,132,server,0
2006,37.473078,962,server,0
2007,37.473078,962,server,0
2008,37.484957,129,server,0
2009,37.491165,545,server,0
2010,37.518771,123,server,0
2011,37.534419,124,server,0
2012,37.540041,917,server,0
2013,37.546801,124,server,0
2014,37.563766,139,server,0
2015,37.571548,46,server,0
2016,37.580657,1072,server,0
2017,37.58066,1072,server,0
2018,37.591608,129,server,0
2019,37.605307,135,server,0
2020,37.620777,122,server,0
2021,37.623869,1103,server,0
2022,37.624845,1103,server,0
2023,37.624848,50,server,0
2024,37.631586,1103,server,0
2025,37.634894,1103,server,0
2026,37.650963,123,server,0
2027,37.667541,543,server,0
2028,37.668124,125,server,0
2029,37.679129,42,server,0
2030,37.690033,124,server,0
2031,37.701105,112,server,0
2032,37.71107,691,server,0
2033,37.723567,132,server,0
2034,37.734283,46,server,0
2035,37.743769,131,server,0
2036,37.744341,1029,server,0
2037,37.771823,134,server,0
2038,37.776484,124,server,0
2039,37.78934,42,server,0
2040,37.793525,1021,server,0
2041,37.793538,1021,server,0
2042,37.798759,1022,server,0
2043,37.798766,1022,server,0
2044,37.811902,126,server,0
2045,37.82384,133,server,0
2046,37.824581,624,server,0
2047,37.827358,624,server,0
2048,37.843074,124,server,0
2049,37.843929,38,server,0
2050,37.869921,137,server,0
2051,37.876848,784,server,0
2052,37.886257,131,server,0
2053,37.897963,66,server,0
2054,37.898544,46,server,0
2055,37.90248,124,server,0
2056,37.913871,885,server,0
2057,37.91968,885,server,0
2058,37.927213,122,server,0
2059,37.947322,134,server,0
2060,37.948125,1015,server,0
2061,37.952748,42,server,0
2062,37.953617,1015,server,0
2063,37.95362,1015,server,0
2064,37.96137,1015,server,0
2065,37.96623,1015,server,0
2066,37.971638,127,server,0
2067,37.981784,125,server,0
2068,37.993295,711,server,0
2069,38.004133,123,server,0
2070,38.023049,127,server,0
2071,38.0422,907,server,0
2072,38.058681,122,server,0
2073,38.063047,46,server,0
2074,38.064173,131,server,0
2075,38.080457,126,server,0
2076,38.097038,1101,server,0
2077,38.102119,128,server,0
2078,38.111136,138,server,0
2079,38.117873,42,server,0
2080,38.130805,125,server,0
2081,38.130811,1132,server,0
2082,38.130812,1132,server,0
2083,38.136638,1132,server,0
2084,38.136645,1132,server,0
2085,38.141258,124,server,0
2086,38.163364,123,server,0
2087,38.163807,875,server,0
2088,38.173148,42,server,0
2089,38.173151,66,server,0
2090,38.175344,875,server,0
2091,38.185892,111,server,0
2092,38.201936,90,server,0
2093,38.214147,1001,server,0
2094,38.222814,293,server,0
2095,38.228657,38,server,0
2096,38.230353,83,server,0
2097,38.240355,83,server,0
2098,38.241229,1011,server,0
2099,38.261975,77,server,0
2100,38.277967,77,server,0
2101,38.281674,38,server,0
2102,38.289457,1038,server,0
2103,38.289461,1039,server,0
2104,38.294958,1039,server,0
2105,38.311122,77,server,0
2106,38.328284,77,server,0
2107,38.335033,890,server,0
2108,38.335038,890,server,0
2109,38.336693,42,server,0
2110,38.339287,77,server,0
2111,38.339905,891,server,0
2112,38.367568,77,server,0
2113,38.372435,694,server,0
2114,38.37851,695,server,0
2115,38.382934,43,server,0
2116,38.392312,38,server,0
2117,38.416456,774,server,0
2118,38.425177,774,server,0
2119,38.445897,46,server,0
2120,38.461026,1079,server,0
2121,38.462294,1079,server,0
2122,38.466251,1080,server,0
2123,38.472308,1080,server,0
2124,38.493422,809,server,0
2125,38.493785,809,server,0
2126,38.500688,42,server,0
2127,38.543066,904,server,0
2128,38.543277,905,server,0
2129,38.555241,46,server,0
2130,38.577391,592,server,0
2131,38.622524,1034,server,0
2132,38.62253,1034,server,0
2133,38.625923,1034,server,0
2134,38.625927,1035,server,0
2135,38.65936,462,server,0
2136,38.664706,42,server,0
2137,38.702373,955,server,0
2138,38.706729,956,server,0
2139,38.709898,958,server,0
2140,38.711091,85,server,0
2141,38.713065,958,server,0
2142,38.715169,958,server,0
2143,38.719764,42,server,0
2144,38.742413,934,server,0
2145,38.742705,934,server,0
2146,38.748601,935,server,0
2147,38.774666,42,server,0
2148,38.783022,66,server,0
2149,38.78422,77,server,0
2150,38.787704,1138,server,0
2151,38.787973,1138,server,0
2152,38.792958,1138,server,0
2153,38.794477,1139,server,0
2154,38.814362,43,server,0
2155,38.825768,853,server,0
2156,38.82868,38,server,0
2157,38.836323,853,server,0
2158,38.875787,1123,server,0
2159,38.881094,1123,server,0
2160,38.883512,46,server,0
2161,38.908531,760,server,0
2162,38.908824,760,server,0
2163,38.938493,46,server,0
2164,38.963269,1091,server,0
2165,38.96362,1092,server,0
2166,38.969897,1092,server,0
2167,38.969901,1092,server,0
2168,38.974152,1092,server,0
2169,38.979845,1092,server,0
2170,38.990837,986,server,0
2171,38.993745,46,server,0
2172,39.041032,1133,server,0
2173,39.048542,42,server,0
2174,39.078077,806,server,0
2175,39.083769,807,server,0
2176,39.105241,42,server,0
2177,39.110926,138,server,0
2178,39.116171,1018,server,0
2179,39.123742,1018,server,0
2180,39.123747,1018,server,0
2181,39.124954,1019,server,0
2182,39.143919,1019,server,0
2183,39.159876,42,server,0
2184,39.162499,738,server,0
2185,39.162502,738,server,0
2186,39.204991,77,server,0
2187,39.205287,709,server,0
2188,39.210455,710,server,0
2189,39.214078,42,server,0
2190,39.231868,43,server,0
2191,39.242936,667,server,0
2192,39.243352,668,server,0
2193,39.268809,42,server,0
2194,39.304418,1164,server,0
2195,39.305018,1164,server,0
2196,39.309745,1164,server,0
2197,39.309751,1165,server,0
2198,39.323629,46,server,0
2199,39.349151,610,server,0
2200,39.349479,66,server,0
2201,39.37211,752,server,0
2202,39.372117,752,server,0
2203,39.377668,42,server,0
2204,39.410209,964,server,0
2205,39.42005,965,server,0
2206,39.432965,42,server,0
2207,39.452765,985,server,0
2208,39.454256,985,server,0
2209,39.460888,985,server,0
2210,39.462505,985,server,0
2211,39.462509,986,server,0
2212,39.48768,46,server,0
2213,39.496623,733,server,0
2214,39.53701,1054,server,0
2215,39.542272,46,server,0
2216,39.590558,741,server,0
2217,39.596813,42,server,0
2218,39.620178,1135,server,0
2219,39.620968,1135,server,0
2220,39.622891,77,server,0
2221,39.623165,1136,server,0
2222,39.623168,1136,server,0
2223,39.645527,43,server,0
2224,39.653868,46,server,0
2225,39.656164,953,server,0
2226,39.661503,954,server,0
2227,39.701333,886,server,0
2228,39.701337,886,server,0
2229,39.706249,46,server,0
2230,39.745484,1198,server,0
2231,39.761387,42,server,0
2232,39.789575,995,server,0
2233,39.791024,995,server,0
2234,39.791029,996,server,0
2235,39.796313,996,server,0
2236,39.806844,996,server,0
2237,39.862687,662,server,0
2238,39.862699,663,server,0
2239,39.870633,42,server,0
2240,39.872165,626,server,0
2241,39.877652,627,server,0
2242,39.896019,104,server,0
2243,39.91079,1048,server,0
2244,39.917164,1048,server,0
2245,39.924865,46,server,0
2246,39.954672,1032,server,0
2247,39.954675,1032,server,0
2248,39.960809,1032,server,0
2249,39.960877,1032,server,0
2250,39.966425,1032,server,0
2251,39.979614,42,server,0
2252,39.993979,921,server,0
2253,40.027719,867,server,0
2254,40.028649,867,server,0
2255,40.034824,46,server,0
2256,40.05373,77,server,0
2257,40.064527,43,server,0
2258,40.065887,655,server,0
2259,40.076233,655,server,0
2260,40.088988,42,server,0
2261,40.111825,138,server,0
2262,40.136735,987,server,0
2263,40.13691,988,server,0
2264,40.142008,988,server,0
2265,40.142955,988,server,0
2266,40.147358,988,server,0
2267,40.16027,66,server,0
2268,40.178125,661,server,0
2269,40.17813,662,server,0
2270,40.197062,933,server,0
2271,40.197678,934,server,0
2272,40.199511,50,server,0
2273,40.240708,662,server,0
2274,40.241504,663,server,0
2275,40.253102,42,server,0
2276,40.284592,1100,server,0
2277,40.289813,1100,server,0
2278,40.289818,1100,server,0
2279,40.290494,1101,server,0
2280,40.295549,1101,server,0
2281,40.30785,42,server,0
2282,40.332136,1171,server,0
2283,40.362809,46,server,0
2284,40.368453,720,server,0
2285,40.368457,721,server,0
2286,40.411566,933,server,0
2287,40.417817,42,server,0
2288,40.423103,933,server,0
2289,40.456159,1017,server,0
2290,40.456487,1017,server,0
2291,40.460334,77,server,0
2292,40.46121,1017,server,0
2293,40.461213,1017,server,0
2294,40.466994,1018,server,0
2295,40.473464,42,server,0
2296,40.482979,43,server,0
2297,40.499539,954,server,0
2298,40.500164,954,server,0
2299,40.527071,46,server,0
2300,40.535186,821,server,0
2301,40.538952,821,server,0
2302,40.577136,757,server,0
2303,40.577884,757,server,0
2304,40.581252,46,server,0
2305,40.636039,42,server,0
2306,40.638427,1093,server,0
2307,40.638432,1093,server,0
2308,40.644245,1094,server,0
2309,40.650347,1094,server,0
2310,40.660433,984,server,0
2311,40.69195,46,server,0
2312,40.699582,732,server,0
2313,40.699603,733,server,0
2314,40.745461,42,server,0
2315,40.749772,757,server,0
2316,40.75463,758,server,0
2317,40.774469,66,server,0
2318,40.7846,1002,server,0
2319,40.784604,1002,server,0
2320,40.788985,1002,server,0
2321,40.788991,1002,server,0
2322,40.79956,1003,server,0
2323,40.838114,702,server,0
2324,40.854656,50,server,0
2325,40.870677,859,server,0
2326,40.883167,77,server,0
2327,40.90245,43,server,0
2328,40.910841,46,server,0
2329,40.919232,1030,server,0
2330,40.947342,1187,server,0
2331,40.952897,1187,server,0
2332,40.96419,1187,server,0
2333,40.964765,42,server,0
2334,40.997617,1097,server,0
2335,41.021808,54,server,0
2336,41.037932,989,server,0
2337,41.075551,42,server,0
2338,41.100906,1058,server,0
2339,41.111061,138,server,0
2340,41.117151,1030,server,0
2341,41.122169,1030,server,0
2342,41.12776,1030,server,0
2343,41.127765,1030,server,0
2344,41.129452,42,server,0
2345,41.166551,1055,server,0
2346,41.190314,50,server,0
2347,41.200306,716,server,0
2348,41.204552,717,server,0
2349,41.240826,46,server,0
2350,41.264931,1164,server,0
2351,41.293581,42,server,0
2352,41.298477,1196,server,0
2353,41.298481,1196,server,0
2354,41.305026,77,server,0
2355,41.305031,1196,server,0
2356,41.305032,1197,server,0
2357,41.319448,766,server,0
2358,41.324627,43,server,0
2359,41.348055,46,server,0
2360,41.384812,1106,server,0
2361,41.403834,46,server,0
2362,41.441166,710,server,0
2363,41.441705,710,server,0
2364,41.458499,46,server,0
2365,41.478174,989,server,0
2366,41.47818,989,server,0
2367,41.478181,989,server,0
2368,41.499837,1033,server,0
2369,41.512988,46,server,0
2370,41.515642,66,server,0
2371,41.55054,1171,server,0
2372,41.567982,46,server,0
2373,41.578225,969,server,0
2374,41.621975,1103,server,0
2375,41.622547,1103,server,0
2376,41.623774,42,server,0
2377,41.634052,1103,server,0
2378,41.677171,46,server,0
2379,41.681993,879,server,0
2380,41.693108,756,server,0
2381,41.704445,756,server,0
2382,41.726234,77,server,0
2383,41.732625,46,server,0
2384,41.737142,43,server,0
2385,41.737145,651,server,0
2386,41.737146,651,server,0
2387,41.786785,38,server,0
2388,41.793477,1129,server,0
2389,41.793501,1129,server,0
2390,41.797409,1129,server,0
2391,41.803577,1129,server,0
2392,41.846207,961,server,0
2393,41.880514,1113,server,0
2394,41.89686,54,server,0
2395,41.944624,1159,server,0
2396,41.950434,982,server,0
2397,41.951688,42,server,0
2398,41.955382,983,server,0
2399,41.955386,983,server,0
2400,41.966815,983,server,0
2401,41.989844,732,server,0
2402,42.005555,50,server,0
2403,42.043203,66,server,0
2404,42.043206,1194,server,0
2405,42.060644,46,server,0
2406,42.070756,652,server,0
2407,42.103314,652,server,0
2408,42.110525,138,server,0
2409,42.114904,38,server,0
2410,42.12521,1001,server,0
2411,42.126239,1001,server,0
2412,42.127291,1001,server,0
2413,42.130588,1001,server,0
2414,42.136071,1001,server,0
2415,42.141495,77,server,0
2416,42.163593,43,server,0
2417,42.16511,1198,server,0
2418,42.170158,50,server,0
2419,42.202645,1079,server,0
2420,42.225324,42,server,0
2421,42.251454,1172,server,0
2422,42.280305,42,server,0
2423,42.301181,1009,server,0
2424,42.302208,1010,server,0
2425,42.307469,1010,server,0
2426,42.307487,1010,server,0
2427,42.332565,1095,server,0
2428,42.335398,46,server,0
2429,42.363602,668,server,0
2430,42.373054,668,server,0
2431,42.389403,38,server,0
2432,42.407109,104,server,0
2433,42.41835,1005,server,0
2434,42.444498,42,server,0
2435,42.44986,942,server,0
2436,42.450219,942,server,0
2437,42.450222,943,server,0
2438,42.456827,943,server,0
2439,42.499156,54,server,0
2440,42.505557,1112,server,0
2441,42.54398,1004,server,0
2442,42.553529,42,server,0
2443,42.571096,77,server,0
2444,42.576901,554,server,0
2445,42.612122,42,server,0
2446,42.612129,43,server,0
2447,42.61213,1178,server,0
2448,42.612132,1178,server,0
2449,42.620573,1178,server,0
2450,42.620576,1179,server,0
2451,42.65356,729,server,0
2452,42.658711,729,server,0
2453,42.664807,46,server,0
2454,42.704894,725,server,0
2455,42.707783,725,server,0
2456,42.717754,46,server,0
2457,42.740903,879,server,0
2458,42.743501,66,server,0
2459,42.773151,38,server,0
2460,42.784988,1013,server,0
2461,42.784991,1013,server,0
2462,42.789773,1013,server,0
2463,42.806997,1014,server,0
2464,42.828626,46,server,0
2465,42.830725,844,server,0
2466,42.830731,844,server,0
2467,42.872038,643,server,0
2468,42.881828,42,server,0
2469,42.889829,644,server,0
2470,42.905863,681,server,0
2471,42.905869,681,server,0
2472,42.938995,46,server,0
2473,42.955783,1183,server,0
2474,42.955788,1183,server,0
2475,42.959806,1184,server,0
2476,42.988552,77,server,0
2477,42.991804,42,server,0
2478,42.998674,451,server,0
2479,43.004117,43,server,0
2480,43.038186,1073,server,0
2481,43.046879,46,server,0
2482,43.047559,66,server,0
2483,43.070299,628,server,0
2484,43.102029,42,server,0
2485,43.111826,138,server,0
2486,43.113642,1053,server,0
2487,43.119468,1053,server,0
2488,43.125632,1053,server,0
2489,43.156384,46,server,0
2490,43.162984,1124,server,0
2491,43.162988,1125,server,0
2492,43.211078,42,server,0
2493,43.212728,665,server,0
2494,43.212732,665,server,0
2495,43.255989,618,server,0
2496,43.265714,42,server,0
2497,43.288813,984,server,0
2498,43.28945,984,server,0
2499,43.293918,984,server,0
2500,43.293922,984,server,0
2501,43.321349,42,server,0
2502,43.334492,665,server,0
2503,43.343156,665,server,0
2504,43.375326,42,server,0
2505,43.393685,943,server,0
2506,43.399194,77,server,0
2507,43.414861,1189,server,0
2508,43.42523,43,server,0
2509,43.430747,42,server,0
2510,43.456376,967,server,0
2511,43.45638,967,server,0
2512,43.456382,968,server,0
2513,43.459679,968,server,0
2514,43.484598,42,server,0
2515,43.502979,462,server,0
2516,43.535914,1017,server,0
2517,43.541574,46,server,0
2518,43.580266,1003,server,0
2519,43.585158,1003,server,0
2520,43.594024,42,server,0
2521,43.596958,66,server,0
2522,43.621233,1017,server,0
2523,43.621246,1017,server,0
2524,43.621249,1017,server,0
2525,43.624356,1017,server,0
2526,43.634477,1017,server,0
2527,43.650262,42,server,0
2528,43.652861,683,server,0
2529,43.65619,684,server,0
2530,43.70012,723,server,0
2531,43.703622,46,server,0
2532,43.705461,723,server,0
2533,43.737127,669,server,0
2534,43.738428,671,server,0
2535,43.740786,671,server,0
2536,43.74079,669,server,0
2537,43.743006,671,server,0
2538,43.746106,671,server,0
2539,43.7465,671,server,0
2540,43.75834,42,server,0
2541,43.791259,1125,server,0
2542,43.791263,1125,server,0
2543,43.795919,1125,server,0
2544,43.819722,77,server,0
2545,43.820835,758,server,0
2546,43.857589,43,server,0
2547,43.86455,681,server,0
2548,43.868768,38,server,0
2549,43.890422,682,server,0
2550,43.923609,38,server,0
2551,43.924138,593,server,0
2552,43.968708,1099,server,0
2553,43.968712,1099,server,0
2554,43.976913,54,server,0
2555,43.977947,1100,server,0
2556,44.014074,1100,server,0
2557,44.03173,46,server,0
2558,44.060127,726,server,0
2559,44.086066,46,server,0
2560,44.095794,824,server,0
2561,44.1112,1088,server,0
2562,44.111205,1088,server,0
2563,44.111662,138,server,0
2564,44.123203,1204,server,0
2565,44.123207,1204,server,0
2566,44.133777,1205,server,0
2567,44.139086,1205,server,0
2568,44.140928,42,server,0
2569,44.17148,957,server,0
2570,44.193226,723,server,0
2571,44.196304,46,server,0
2572,44.21063,724,server,0
2573,44.242369,77,server,0
2574,44.248036,720,server,0
2575,44.250301,46,server,0
2576,44.267216,43,server,0
2577,44.281274,1137,server,0
2578,44.286252,1138,server,0
2579,44.292756,1138,server,0
2580,44.333133,693,server,0
2581,44.363596,50,server,0
2582,44.370238,732,server,0
2583,44.379794,732,server,0
2584,44.407011,1058,server,0
2585,44.415275,42,server,0
2586,44.455859,1151,server,0
2587,44.456225,1151,server,0
2588,44.463255,1151,server,0
2589,44.466685,1151,server,0
2590,44.469628,38,server,0
2591,44.483958,1117,server,0
2592,44.510588,1117,server,0
2593,44.523928,46,server,0
2594,44.535351,673,server,0
2595,44.537904,673,server,0
2596,44.578347,641,server,0
2597,44.580919,46,server,0
2598,44.583525,642,server,0
2599,44.614295,1087,server,0
2600,44.615045,1088,server,0
2601,44.620896,1088,server,0
2602,44.633662,42,server,0
2603,44.658691,837,server,0
2604,44.669153,77,server,0
2605,44.687241,43,server,0
2606,44.689306,46,server,0
2607,44.707805,675,server,0
2608,44.708137,676,server,0
2609,44.720035,66,server,0
2610,44.74317,42,server,0
2611,44.748481,1087,server,0
2612,44.786008,1014,server,0
2613,44.790805,1014,server,0
2614,44.79789,42,server,0
2615,44.813414,1014,server,0
2616,44.81958,627,server,0
2617,44.819591,628,server,0
2618,44.852325,46,server,0
2619,44.867178,1168,server,0
2620,44.926215,46,server,0
2621,44.926688,694,server,0
2622,44.930517,104,server,0
2623,44.945082,1194,server,0
2624,44.945086,1194,server,0
2625,44.94918,1194,server,0
2626,44.955545,1195,server,0
2627,44.961698,42,server,0
2628,45.004225,558,server,0
2629,45.016307,46,server,0
2630,45.065807,946,server,0
2631,45.072263,1012,server,0
2632,45.072267,1012,server,0
2633,45.072269,46,server,0
2634,45.083428,77,server,0
2635,45.109319,43,server,0
2636,45.111171,138,server,0
2637,45.114967,1054,server,0
2638,45.120975,1054,server,0
2639,45.121648,1054,server,0
2640,45.121652,1054,server,0
2641,45.127586,42,server,0
2642,45.158725,673,server,0
2643,45.164156,673,server,0
2644,45.181483,46,server,0
2645,45.199619,815,server,0
2646,45.199697,816,server,0
2647,45.235227,42,server,0
2648,45.241943,847,server,0
2649,45.247337,848,server,0
2650,45.282187,1197,server,0
2651,45.282199,1197,server,0
2652,45.285741,1198,server,0
2653,45.287319,1198,server,0
2654,45.290039,38,server,0
2655,45.330454,683,server,0
2656,45.335698,684,server,0
2657,45.345189,46,server,0
2658,45.369576,797,server,0
2659,45.369626,798,server,0
2660,45.400168,42,server,0
2661,45.419223,1065,server,0
2662,45.454367,42,server,0
2663,45.45742,1123,server,0
2664,45.457425,1124,server,0
2665,45.462346,1124,server,0
2666,45.46235,1124,server,0
2667,45.495427,603,server,0
2668,45.505849,77,server,0
2669,45.509704,38,server,0
2670,45.527652,43,server,0
2671,45.53945,1071,server,0
2672,45.564803,50,server,0
2673,45.578008,624,server,0
2674,45.594654,625,server,0
2675,45.618837,1106,server,0
2676,45.618849,1106,server,0
2677,45.622594,42,server,0
2678,45.622598,1106,server,0
2679,45.622599,1107,server,0
2680,45.671394,438,server,0
2681,45.674096,46,server,0
2682,45.705008,953,server,0
2683,45.717612,66,server,0
2684,45.728593,42,server,0
2685,45.736853,715,server,0
2686,45.747966,715,server,0
2687,45.785025,42,server,0
2688,45.786478,1204,server,0
2689,45.786491,1204,server,0
2690,45.808772,1205,server,0
2691,45.824181,495,server,0
2692,45.839046,38,server,0
2693,45.868822,889,server,0
2694,45.901938,46,server,0
2695,45.913056,859,server,0
2696,45.914864,860,server,0
2697,45.921402,77,server,0
2698,45.947136,42,server,0
2699,45.950171,43,server,0
2700,45.956616,1026,server,0
2701,45.956621,1026,server,0
2702,45.961229,1026,server,0
2703,45.961233,1026,server,0
2704,45.994305,797,server,0
2705,46.00411,46,server,0
2706,46.037935,731,server,0
2707,46.054736,732,server,0
2708,46.056645,46,server,0
2709,46.080066,825,server,0
2710,46.080069,825,server,0
2711,46.110559,138,server,0
2712,46.111593,38,server,0
2713,46.114603,1075,server,0
2714,46.114608,1076,server,0
2715,46.120984,1076,server,0
2716,46.166812,46,server,0
2717,46.17101,1086,server,0
2718,46.193242,742,server,0
2719,46.198243,742,server,0
2720,46.221574,42,server,0
2721,46.27558,42,server,0
2722,46.280477,756,server,0
2723,46.291595,996,server,0
2724,46.2916,996,server,0
2725,46.296521,996,server,0
2726,46.296528,996,server,0
2727,46.313061,910,server,0
2728,46.332015,910,server,0
2729,46.332044,42,server,0
2730,46.351324,77,server,0
2731,46.363113,43,server,0
2732,46.369988,1016,server,0
2733,46.417263,1059,server,0
2734,46.440434,50,server,0
2735,46.450084,938,server,0
2736,46.451075,938,server,0
2737,46.455238,938,server,0
2738,46.466326,938,server,0
2739,46.479813,66,server,0
2740,46.494045,1042,server,0
2741,46.495115,38,server,0
2742,46.532459,716,server,0
2743,46.533781,717,server,0
2744,46.549065,46,server,0
2745,46.583132,682,server,0
2746,46.603113,683,server,0
2747,46.604087,42,server,0
2748,46.622313,965,server,0
2749,46.622317,965,server,0
2750,46.622318,965,server,0
2751,46.627195,966,server,0
2752,46.658899,42,server,0
2753,46.659853,644,server,0
2754,46.704977,640,server,0
2755,46.705771,640,server,0
2756,46.713226,46,server,0
2757,46.742531,1023,server,0
2758,46.771277,42,server,0
2759,46.776431,77,server,0
2760,46.779939,43,server,0
2761,46.791219,1103,server,0
2762,46.791223,1103,server,0
2763,46.801775,1103,server,0
2764,46.801783,1103,server,0
2765,46.807233,1103,server,0
2766,46.813598,1103,server,0
2767,46.813601,672,server,0
2768,46.823958,672,server,0
2769,46.862114,1010,server,0
2770,46.874029,1011,server,0
2771,46.879323,50,server,0
2772,46.911476,916,server,0
2773,46.924471,916,server,0
2774,46.932371,42,server,0
2775,46.949727,1178,server,0
2776,46.949732,1178,server,0
2777,46.955362,1179,server,0
2778,46.961629,1179,server,0
2779,46.986901,42,server,0
2780,46.99447,964,server,0
2781,47.027475,763,server,0
2782,47.027479,763,server,0
2783,47.042193,46,server,0
2784,47.081803,590,server,0
2785,47.096205,42,server,0
2786,47.111642,138,server,0
2787,47.114772,1180,server,0
2788,47.12715,1181,server,0
2789,47.127155,1181,server,0
2790,47.150966,42,server,0
2791,47.17495,643,server,0
2792,47.180244,77,server,0
2793,47.196765,631,server,0
2794,47.196939,632,server,0
2795,47.205943,46,server,0
2796,47.20999,43,server,0
2797,47.247304,756,server,0
2798,47.247308,757,server,0
2799,47.260363,42,server,0
2800,47.279658,967,server,0
2801,47.285196,967,server,0
2802,47.285612,968,server,0
2803,47.285615,968,server,0
2804,47.314966,42,server,0
2805,47.332023,565,server,0
2806,47.362578,1161,server,0
2807,47.370082,46,server,0
2808,47.411026,743,server,0
2809,47.420039,66,server,0
2810,47.424912,42,server,0
2811,47.427477,104,server,0
2812,47.455137,995,server,0
2813,47.455543,995,server,0
2814,47.46168,995,server,0
2815,47.461684,996,server,0
2816,47.479514,42,server,0
2817,47.498779,1136,server,0
2818,47.505848,1137,server,0
2819,47.535583,42,server,0
2820,47.537262,1138,server,0
2821,47.588867,46,server,0
2822,47.600425,860,server,0
2823,47.608339,77,server,0
2824,47.62021,43,server,0
2825,47.625183,1018,server,0
2826,47.632247,1018,server,0
2827,47.635423,1019,server,0
2828,47.645763,42,server,0
2829,47.653816,663,server,0
2830,47.658143,663,server,0
2831,47.700713,46,server,0
2832,47.703836,929,server,0
2833,47.751134,988,server,0
2834,47.75285,38,server,0
2835,47.78414,1100,server,0
2836,47.78489,1100,server,0
2837,47.789376,1100,server,0
2838,47.809273,42,server,0
2839,47.833456,1105,server,0
2840,47.860594,1114,server,0
2841,47.8623,42,server,0
2842,47.910824,998,server,0
2843,47.916914,46,server,0
2844,47.953524,917,server,0
2845,47.960379,917,server,0
2846,47.960384,918,server,0
2847,47.960954,918,server,0
2848,47.971585,42,server,0
2849,47.981785,809,server,0
2850,48.026126,77,server,0
2851,48.028607,42,server,0
2852,48.031014,646,server,0
2853,48.037486,647,server,0
2854,48.048628,43,server,0
2855,48.074665,766,server,0
2856,48.074919,766,server,0
2857,48.081053,46,server,0
2858,48.111126,138,server,0
2859,48.119633,1200,server,0
2860,48.119638,1201,server,0
2861,48.12507,1201,server,0
2862,48.125073,1201,server,0
2863,48.135628,42,server,0
2864,48.159142,890,server,0
2865,48.178098,66,server,0
2866,48.19069,46,server,0
2867,48.196099,667,server,0
2868,48.208529,667,server,0
2869,48.245637,42,server,0
2870,48.24564,1171,server,0
2871,48.289539,1068,server,0
2872,48.289847,1068,server,0
2873,48.294915,1069,server,0
2874,48.299582,38,server,0
2875,48.30022,1069,server,0
2876,48.316288,464,server,0
2877,48.362726,903,server,0
2878,48.410463,54,server,0
2879,48.414948,734,server,0
2880,48.451713,77,server,0
2881,48.451718,1165,server,0
2882,48.451719,1165,server,0
2883,48.45834,1166,server,0
2884,48.472502,43,server,0
2885,48.493879,820,server,0
2886,48.493882,820,server,0
2887,48.518536,46,server,0
2888,48.525032,635,server,0
2889,48.536188,635,server,0
2890,48.573281,46,server,0
2891,48.582036,1102,server,0
2892,48.623765,1099,server,0
2893,48.629286,1100,server,0
2894,48.629592,1100,server,0
2895,48.629596,1100,server,0
2896,48.637172,1100,server,0
2897,48.656569,1050,server,0
2898,48.684836,46,server,0
2899,48.700861,1141,server,0
2900,48.737964,42,server,0
2901,48.758119,1053,server,0
2902,48.758126,66,server,0
2903,48.75961,1055,server,0
2904,48.777208,1055,server,0
2905,48.777212,1055,server,0
2906,48.777214,1055,server,0
2907,48.787684,1033,server,0
2908,48.794105,1033,server,0
2909,48.794108,1034,server,0
2910,48.794108,42,server,0
2911,48.803545,1034,server,0
2912,48.820992,710,server,0
2913,48.826263,710,server,0
2914,48.847296,42,server,0
2915,48.847301,66,server,0
2916,48.859242,77,server,0
2917,48.864941,810,server,0
2918,48.883706,811,server,0
2919,48.888242,43,server,0
2920,48.92069,946,server,0
2921,48.95639,46,server,0
2922,48.957987,1043,server,0
2923,48.957991,1043,server,0
2924,48.957993,1044,server,0
2925,48.96351,1044,server,0
2926,48.980876,1188,server,0
2927,49.011514,50,server,0
2928,49.034117,1165,server,0
2929,49.068174,42,server,0
2930,49.07843,839,server,0
2931,49.112152,138,server,0
2932,49.115994,977,server,0
2933,49.115998,977,server,0
2934,49.115999,977,server,0
2935,49.120445,42,server,0
2936,49.121811,977,server,0
2937,49.15994,1058,server,0
2938,49.176126,46,server,0
2939,49.198225,700,server,0
2940,49.199998,700,server,0
2941,49.230608,46,server,0
2942,49.26673,973,server,0
2943,49.275067,77,server,0
2944,49.285744,1094,server,0
2945,49.286595,1094,server,0
2946,49.291608,1095,server,0
2947,49.30222,43,server,0
2948,49.329415,1035,server,0
2949,49.34128,46,server,0
2950,49.367742,1129,server,0
2951,49.395063,46,server,0
2952,49.41139,845,server,0
2953,49.449621,42,server,0
2954,49.450112,990,server,0
2955,49.4554,990,server,0
2956,49.461988,990,server,0
2957,49.461993,991,server,0
2958,49.493914,673,server,0
2959,49.498687,673,server,0
2960,49.504768,46,server,0
2961,49.531887,1091,server,0
2962,49.559038,46,server,0
2963,49.575318,716,server,0
2964,49.614067,42,server,0
2965,49.61494,1025,server,0
2966,49.6215,1025,server,0
2967,49.621506,1025,server,0
2968,49.668422,46,server,0
2969,49.668655,631,server,0
2970,49.697108,646,server,0
2971,49.717445,77,server,0
2972,49.723136,43,server,0
2973,49.723458,46,server,0
2974,49.740826,1020,server,0
2975,49.745367,1021,server,0
2976,49.777684,38,server,0
2977,49.790267,943,server,0
2978,49.790272,943,server,0
2979,49.790273,943,server,0
2980,49.794548,944,server,0
2981,49.796675,66,server,0
2982,49.843774,443,server,0
2983,49.860191,692,server,0
2984,49.866445,692,server,0
2985,49.910673,756,server,0
2986,49.926422,757,server,0
2987,49.943361,54,server,0
2988,49.949561,1156,server,0
2989,49.949565,1156,server,0
2990,49.954451,1156,server,0
2991,49.954455,1157,server,0
2992,49.961695,104,server,0
2993,50.001346,50,server,0
2994,50.001348,583,server,0
2995,50.03016,624,server,0
2996,50.030164,624,server,0
2997,50.05145,42,server,0
2998,50.07433,675,server,0
2999,50.079753,676,server,0
3000,50.106307,42,server,0
3001,50.113211,138,server,0
3002,50.123342,77,server,0
3003,50.124175,1054,server,0
3004,50.124177,1054,server,0
3005,50.128838,1054,server,0
3006,50.129507,1055,server,0
3007,50.145126,43,server,0
3008,50.161081,42,server,0
3009,50.162383,954,server,0
3010,50.162387,954,server,0
3011,50.162651,955,server,0
3012,50.194566,797,server,0
3013,50.200052,798,server,0
3014,50.215828,46,server,0
3015,50.244767,620,server,0
3016,50.270206,42,server,0
3017,50.282198,1013,server,0
3018,50.288196,1013,server,0
3019,50.289043,1013,server,0
3020,50.293477,1013,server,0
3021,50.324794,38,server,0
3022,50.326007,1186,server,0
3023,50.332415,1186,server,0
3024,50.360856,710,server,0
3025,50.3642,711,server,0
3026,50.379438,46,server,0
3027,50.4138,1114,server,0
3028,50.435204,46,server,0
3029,50.452507,999,server,0
3030,50.457243,999,server,0
3031,50.457247,999,server,0
3032,50.46229,999,server,0
3033,50.468122,999,server,0
3034,50.479258,66,server,0
3035,50.484702,676,server,0
3036,50.489691,42,server,0
3037,50.490735,676,server,0
3038,50.539946,1012,server,0
3039,50.545073,46,server,0
3040,50.545326,77,server,0
3041,50.560865,43,server,0
3042,50.572863,933,server,0
3043,50.604674,42,server,0
3044,50.616105,1059,server,0
3045,50.622443,1060,server,0
3046,50.622454,1060,server,0
3047,50.626789,1060,server,0
3048,50.654175,42,server,0
3049,50.665424,1030,server,0
3050,50.699384,1065,server,0
3051,50.710886,46,server,0
3052,50.747459,945,server,0
3053,50.769307,42,server,0
3054,50.781035,1081,server,0
3055,50.786374,1082,server,0
3056,50.786378,1082,server,0
3057,50.824668,730,server,0
3058,50.863763,1189,server,0
3059,50.873986,46,server,0
3060,50.906705,697,server,0
3061,50.918321,698,server,0
3062,50.92965,46,server,0
3063,50.946295,1196,server,0
3064,50.946299,1196,server,0
3065,50.953267,1196,server,0
3066,50.963368,77,server,0
3067,50.981085,43,server,0
3068,50.982418,42,server,0
3069,50.991827,559,server,0
3070,51.030453,666,server,0
3071,51.035273,667,server,0
3072,51.037042,42,server,0
3073,51.068328,1062,server,0
3074,51.091867,42,server,0
3075,51.09265,66,server,0
3076,51.112066,975,server,0
3077,51.11235,138,server,0
3078,51.117715,975,server,0
3079,51.11772,975,server,0
3080,51.123669,976,server,0
3081,51.151072,42,server,0
3082,51.167456,591,server,0
3083,51.201165,42,server,0
3084,51.205356,1127,server,0
3085,51.238001,1112,server,0
3086,51.243435,1113,server,0
3087,51.25575,46,server,0
3088,51.288923,936,server,0
3089,51.288935,936,server,0
3090,51.293388,937,server,0
3091,51.298967,937,server,0
3092,51.326224,414,server,0
3093,51.364311,662,server,0
3094,51.365017,662,server,0
3095,51.366502,46,server,0
3096,51.38636,77,server,0
3097,51.397328,1200,server,0
3098,51.397647,1200,server,0
3099,51.402673,43,server,0
3100,51.421145,42,server,0
3101,51.446848,1068,server,0
3102,51.446853,1068,server,0
3103,51.452026,1069,server,0
3104,51.452335,1069,server,0
3105,51.45739,1069,server,0
3106,51.475816,42,server,0
3107,51.496922,434,server,0
3108,51.531493,42,server,0
3109,51.545855,1109,server,0
3110,51.566772,828,server,0
3111,51.572943,828,server,0
3112,51.584917,38,server,0
3113,51.627218,943,server,0
3114,51.627223,943,server,0
3115,51.632799,943,server,0
3116,51.644747,943,server,0
3117,51.65985,745,server,0
3118,51.694253,54,server,0
3119,51.699737,1112,server,0
3120,51.736549,860,server,0
3121,51.749276,42,server,0
3122,51.781767,1016,server,0
3123,51.793884,1016,server,0
3124,51.793889,1016,server,0
3125,51.803775,77,server,0
3126,51.803779,1017,server,0
3127,51.805192,42,server,0
3128,51.81514,889,server,0
3129,51.816299,890,server,0
3130,51.825678,43,server,0
3131,51.827152,890,server,0
3132,51.858778,50,server,0
3133,51.870481,1171,server,0
3134,51.902479,890,server,0
3135,51.913555,42,server,0
3136,51.925105,891,server,0
3137,51.952347,1037,server,0
3138,51.958388,1037,server,0
3139,51.9584,1037,server,0
3140,51.962645,1037,server,0
3141,51.967866,42,server,0
3142,52.000905,477,server,0
3143,52.022468,50,server,0
3144,52.028832,1094,server,0
3145,52.073067,1006,server,0
3146,52.077674,42,server,0
3147,52.108678,66,server,0
3148,52.111186,138,server,0
3149,52.117386,1086,server,0
3150,52.117389,1086,server,0
3151,52.123009,1086,server,0
3152,52.123375,1087,server,0
3153,52.132177,42,server,0
3154,52.150521,1102,server,0
3155,52.188084,46,server,0
3156,52.200283,1166,server,0
3157,52.221517,77,server,0
3158,52.24311,46,server,0
3159,52.243664,43,server,0
3160,52.247617,600,server,0
3161,52.282158,977,server,0
3162,52.282162,977,server,0
3163,52.288206,978,server,0
3164,52.296879,46,server,0
3165,52.304574,978,server,0
3166,52.331168,1148,server,0
3167,52.331173,1149,server,0
3168,52.352848,46,server,0
3169,52.359978,882,server,0
3170,52.404022,596,server,0
3171,52.407454,42,server,0
3172,52.447714,1065,server,0
3173,52.453347,1065,server,0
3174,52.453351,1066,server,0
3175,52.462747,42,server,0
3176,52.46978,104,server,0
3177,52.485975,727,server,0
3178,52.486327,728,server,0
3179,52.517838,50,server,0
3180,52.524326,892,server,0
3181,52.530027,893,server,0
3182,52.568548,905,server,0
3183,52.571454,42,server,0
3184,52.614614,964,server,0
3185,52.61536,964,server,0
3186,52.620225,965,server,0
3187,52.624836,965,server,0
3188,52.625991,42,server,0
3189,52.642507,77,server,0
3190,52.64779,833,server,0
3191,52.652475,833,server,0
3192,52.680009,43,server,0
3193,52.680724,42,server,0
3194,52.680728,66,server,0
3195,52.690512,671,server,0
3196,52.695578,672,server,0
3197,52.735632,46,server,0
3198,52.739765,815,server,0
3199,52.7753,66,server,0
3200,52.783482,1176,server,0
3201,52.783776,1177,server,0
3202,52.791391,1177,server,0
3203,52.791394,42,server,0
3204,52.800085,1177,server,0
3205,52.843622,988,server,0
3206,52.862053,684,server,0
3207,52.862058,684,server,0
3208,52.900362,50,server,0
3209,52.91002,832,server,0
3210,52.914635,832,server,0
3211,52.941977,1118,server,0
3212,52.947508,1118,server,0
3213,52.947511,1118,server,0
3214,52.953215,1119,server,0
3215,52.955492,46,server,0
3216,52.985621,388,server,0
3217,53.009391,46,server,0
3218,53.0368,902,server,0
3219,53.064228,42,server,0
3220,53.067513,77,server,0
3221,53.073952,845,server,0
3222,53.080294,845,server,0
3223,53.084926,43,server,0
3224,53.110839,138,server,0
3225,53.118328,961,server,0
3226,53.118333,961,server,0
3227,53.118334,961,server,0
3228,53.118888,42,server,0
3229,53.128782,961,server,0
3230,53.150843,908,server,0
3231,53.173778,42,server,0
3232,53.196107,644,server,0
3233,53.205426,645,server,0
3234,53.22797,46,server,0
3235,53.249381,734,server,0
3236,53.282303,1032,server,0
3237,53.28231,1032,server,0
3238,53.283571,42,server,0
3239,53.289198,1032,server,0
3240,53.293799,1032,server,0
3241,53.293804,1033,server,0
3242,53.321154,561,server,0
3243,53.339104,42,server,0
3244,53.364861,1006,server,0
3245,53.379296,66,server,0
3246,53.392142,42,server,0
3247,53.403398,810,server,0
3248,53.403664,811,server,0
3249,53.446686,46,server,0
3250,53.452932,1149,server,0
3251,53.454146,1150,server,0
3252,53.458092,1150,server,0
3253,53.479806,77,server,0
3254,53.486838,982,server,0
3255,53.486843,983,server,0
3256,53.501356,43,server,0
3257,53.503422,42,server,0
3258,53.52911,915,server,0
3259,53.534885,915,server,0
3260,53.557683,46,server,0
3261,53.578989,691,server,0
3262,53.578993,692,server,0
3263,53.612331,42,server,0
3264,53.617585,1207,server,0
3265,53.617588,1208,server,0
3266,53.622193,1208,server,0
3267,53.641169,1208,server,0
3268,53.665843,42,server,0
3269,53.672725,495,server,0
3270,53.705307,1025,server,0
3271,53.721334,42,server,0
3272,53.732589,711,server,0
3273,53.73554,713,server,0
3274,53.738154,713,server,0
3275,53.740495,713,server,0
3276,53.743335,713,server,0
3277,53.745327,713,server,0
3278,53.746933,713,server,0
3279,53.759074,711,server,0
3280,53.77559,46,server,0
3281,53.781761,1045,server,0
3282,53.786703,1045,server,0
3283,53.786706,1045,server,0
3284,53.808245,1045,server,0
3285,53.819373,606,server,0
3286,53.829811,42,server,0
3287,53.857527,1075,server,0
3288,53.885559,42,server,0
3289,53.906382,77,server,0
3290,53.907954,752,server,0
3291,53.922706,43,server,0
3292,53.939868,46,server,0
3293,53.950428,967,server,0
3294,53.951318,967,server,0
3295,53.961273,967,server,0
3296,53.983154,842,server,0
3297,53.9861,843,server,0
3298,53.994123,42,server,0
3299,54.027084,807,server,0
3300,54.038713,807,server,0
3301,54.048645,46,server,0
3302,54.08338,1151,server,0
3303,54.10582,46,server,0
3304,54.11161,138,server,0
3305,54.123492,1094,server,0
3306,54.123503,1094,server,0
3307,54.126127,1095,server,0
3308,54.136633,1095,server,0
3309,54.148445,1001,server,0
3310,54.159268,42,server,0
3311,54.202103,1111,server,0
3312,54.214573,46,server,0
3313,54.24569,530,server,0
3314,54.268801,42,server,0
3315,54.290665,925,server,0
3316,54.301534,925,server,0
3317,54.301809,926,server,0
3318,54.309951,926,server,0
3319,54.323151,42,server,0
3320,54.335271,1100,server,0
3321,54.340392,77,server,0
3322,54.341074,1101,server,0
3323,54.346056,43,server,0
3324,54.369302,632,server,0
3325,54.369935,633,server,0
3326,54.377761,46,server,0
3327,54.410586,489,server,0
3328,54.432482,42,server,0
3329,54.447376,1023,server,0
3330,54.452612,1023,server,0
3331,54.453078,1023,server,0
3332,54.458285,1024,server,0
3333,54.473527,66,server,0
3334,54.480376,1068,server,0
3335,54.487288,42,server,0
3336,54.524366,854,server,0
3337,54.542037,46,server,0
3338,54.573486,855,server,0
3339,54.596612,42,server,0
3340,54.628006,1173,server,0
3341,54.638836,1173,server,0
3342,54.647018,1173,server,0
3343,54.651239,42,server,0
3344,54.655555,1174,server,0
3345,54.68261,640,server,0
3346,54.682957,640,server,0
3347,54.703014,1062,server,0
3348,54.706282,46,server,0
3349,54.736946,77,server,0
3350,54.748671,1123,server,0
3351,54.760726,42,server,0
3352,54.769313,43,server,0
3353,54.787635,936,server,0
3354,54.7893,937,server,0
3355,54.789976,937,server,0
3356,54.793343,937,server,0
3357,54.815542,42,server,0
3358,54.821236,873,server,0
3359,54.859857,66,server,0
3360,54.865027,626,server,0
3361,54.865031,626,server,0
3362,54.87061,46,server,0
3363,54.908064,757,server,0
3364,54.924993,42,server,0
3365,54.951931,1062,server,0
3366,54.951934,1062,server,0
3367,54.951935,1062,server,0
3368,54.957035,1062,server,0
3369,54.979914,104,server,0
3370,54.980186,42,server,0
3371,54.984628,492,server,0
3372,55.028151,682,server,0
3373,55.034746,683,server,0
3374,55.036076,46,server,0
3375,55.067411,1194,server,0
3376,55.067414,1194,server,0
3377,55.090671,42,server,0
3378,55.111944,978,server,0
3379,55.115093,138,server,0
3380,55.116296,978,server,0
3381,55.116301,978,server,0
3382,55.122822,978,server,0
3383,55.144,42,server,0
3384,55.160736,545,server,0
3385,55.16591,77,server,0
3386,55.182028,43,server,0
3387,55.199453,952,server,0
3388,55.199457,42,server,0
3389,55.238679,665,server,0
3390,55.238684,666,server,0
3391,55.253563,46,server,0
3392,55.279627,1194,server,0
3393,55.279632,1194,server,0
3394,55.280882,1194,server,0
3395,55.280885,1194,server,0
3396,55.308122,42,server,0
3397,55.319092,731,server,0
3398,55.319696,731,server,0
3399,55.357975,635,server,0
3400,55.36302,635,server,0
3401,55.363025,38,server,0
3402,55.412992,967,server,0
3403,55.445524,1158,server,0
3404,55.450588,1158,server,0
3405,55.450592,1159,server,0
3406,55.488915,513,server,0
3407,55.526906,58,server,0
3408,55.532865,1075,server,0
3409,55.570595,961,server,0
3410,55.57118,961,server,0
3411,55.581544,50,server,0
3412,55.581549,77,server,0
3413,55.606938,43,server,0
3414,55.614812,1019,server,0
3415,55.621441,1020,server,0
3416,55.621445,1020,server,0
3417,55.636433,38,server,0
3418,55.648013,1176,server,0
3419,55.691656,831,server,0
3420,55.691659,46,server,0
3421,55.691659,66,server,0
3422,55.69647,832,server,0
3423,55.740417,534,server,0
3424,55.74593,42,server,0
3425,55.77961,993,server,0
3426,55.780397,993,server,0
3427,55.78478,993,server,0
3428,55.80025,38,server,0
3429,55.803045,993,server,0
3430,55.813887,520,server,0
3431,55.855141,46,server,0
3432,55.864592,709,server,0
3433,55.906953,881,server,0
3434,55.90743,882,server,0
3435,55.909963,42,server,0
3436,55.912868,882,server,0
3437,55.939998,1114,server,0
3438,55.947835,1114,server,0
3439,55.94784,1115,server,0
3440,55.949063,66,server,0
3441,55.956986,1115,server,0
3442,55.964387,42,server,0
3443,55.978113,795,server,0
3444,55.978341,795,server,0
3445,56.005277,77,server,0
3446,56.020035,42,server,0
3447,56.022977,43,server,0
3448,56.034434,1047,server,0
3449,56.034438,1048,server,0
3450,56.073681,50,server,0
3451,56.082399,1143,server,0
3452,56.082404,1143,server,0
3453,56.112302,138,server,0
3454,56.120974,1077,server,0
3455,56.12098,1077,server,0
3456,56.126032,1077,server,0
3457,56.126037,1077,server,0
3458,56.128548,42,server,0
3459,56.131409,1077,server,0
3460,56.136735,1078,server,0
3461,56.144563,954,server,0
3462,56.184544,46,server,0
3463,56.192481,775,server,0
3464,56.197898,776,server,0
3465,56.236273,962,server,0
3466,56.238992,42,server,0
3467,56.280472,1114,server,0
3468,56.285844,1115,server,0
3469,56.285847,1115,server,0
3470,56.293612,46,server,0
3471,56.312812,817,server,0
3472,56.348021,38,server,0
3473,56.357461,890,server,0
3474,56.362074,890,server,0
3475,56.404091,46,server,0
3476,56.413797,726,server,0
3477,56.422624,77,server,0
3478,56.443763,43,server,0
3479,56.446067,1092,server,0
3480,56.450053,1093,server,0
3481,56.455504,1093,server,0
3482,56.457931,42,server,0
3483,56.460909,1093,server,0
3484,56.482426,969,server,0
3485,56.513652,46,server,0
3486,56.526117,717,server,0
3487,56.526357,717,server,0
3488,56.567525,42,server,0
3489,56.575921,695,server,0
3490,56.603296,66,server,0
3491,56.614347,1013,server,0
3492,56.616505,1013,server,0
3493,56.616508,1013,server,0
3494,56.621215,1014,server,0
3495,56.621881,38,server,0
3496,56.657445,648,server,0
3497,56.677068,46,server,0
3498,56.701453,1179,server,0
3499,56.728905,844,server,0
3500,56.728908,844,server,0
3501,56.731652,46,server,0
3502,56.786088,38,server,0
3503,56.789005,1001,server,0
3504,56.789008,1001,server,0
3505,56.789009,1002,server,0
3506,56.805278,1002,server,0
3507,56.821566,553,server,0
3508,56.849368,77,server,0
3509,56.855361,1020,server,0
3510,56.865103,43,server,0
3511,56.904654,662,server,0
3512,56.909972,662,server,0
3513,56.94773,1038,server,0
3514,56.94812,1038,server,0
3515,56.950389,54,server,0
3516,56.954087,1039,server,0
3517,56.954091,1039,server,0
3518,56.985822,693,server,0
3519,56.987333,694,server,0
3520,57.005448,50,server,0
3521,57.034965,1028,server,0
3522,57.059622,42,server,0
3523,57.062568,915,server,0
3524,57.112473,899,server,0
3525,57.112477,899,server,0
3526,57.112478,138,server,0
3527,57.114709,46,server,0
3528,57.123279,900,server,0
3529,57.150001,935,server,0
3530,57.160974,935,server,0
3531,57.169074,42,server,0
3532,57.201472,675,server,0
3533,57.204722,66,server,0
3534,57.207686,675,server,0
3535,57.223571,46,server,0
3536,57.239494,587,server,0
3537,57.265446,77,server,0
3538,57.280404,42,server,0
3539,57.28196,43,server,0
3540,57.287662,963,server,0
3541,57.287666,963,server,0
3542,57.293128,964,server,0
3543,57.304021,964,server,0
3544,57.3351,42,server,0
3545,57.342433,699,server,0
3546,57.367062,969,server,0
3547,57.388001,42,server,0
3548,57.410466,928,server,0
3549,57.441979,957,server,0
3550,57.442239,958,server,0
3551,57.442241,958,server,0
3552,57.443771,46,server,0
3553,57.459101,958,server,0
3554,57.461295,77,server,0
3555,57.485259,104,server,0
3556,57.488751,726,server,0
3557,57.498115,42,server,0
3558,57.530645,644,server,0
3559,57.552745,42,server,0
3560,57.563161,898,server,0
3561,57.563991,898,server,0
3562,57.5799,898,server,0
3563,57.607452,46,server,0
3564,57.62362,1088,server,0
3565,57.623625,1088,server,0
3566,57.630169,1088,server,0
3567,57.630172,1088,server,0
3568,57.661966,946,server,0
3569,57.66243,42,server,0
3570,57.683041,77,server,0
3571,57.694528,1066,server,0
3572,57.699855,1066,server,0
3573,57.70526,43,server,0
3574,57.716823,46,server,0
3575,57.723558,578,client,0
